
 **** DERIVATIVE DATABASE ****    
+DDB, Version number    100401

 electron-phonon matrix elements

    usepaw         0
     natom         2
      nkpt       576
    nsppol         1
      nsym        24
    ntypat         1
    occopt         3
     nband        10
     acell  0.46597738934000D+01  0.46597738934000D+01  0.11338400000000D+02
       amu  0.12011000000000D+02
   dilatmx  0.10000000000000D+01
      ecut  0.45000000000000D+02
    ecutsm  0.00000000000000D+00
     intxc         0
      iscf         7
       ixc        11
       kpt  0.00000000000000D+00  0.00000000000000D+00  0.00000000000000D+00
            0.41666666666667D-01  0.00000000000000D+00  0.00000000000000D+00
            0.83333333333333D-01  0.00000000000000D+00  0.00000000000000D+00
            0.12500000000000D+00  0.00000000000000D+00  0.00000000000000D+00
            0.16666666666667D+00  0.00000000000000D+00  0.00000000000000D+00
            0.20833333333333D+00  0.00000000000000D+00  0.00000000000000D+00
            0.25000000000000D+00  0.00000000000000D+00  0.00000000000000D+00
            0.29166666666667D+00  0.00000000000000D+00  0.00000000000000D+00
            0.33333333333333D+00  0.00000000000000D+00  0.00000000000000D+00
            0.37500000000000D+00  0.00000000000000D+00  0.00000000000000D+00
            0.41666666666667D+00  0.00000000000000D+00  0.00000000000000D+00
            0.45833333333333D+00  0.00000000000000D+00  0.00000000000000D+00
            0.50000000000000D+00  0.00000000000000D+00  0.00000000000000D+00
           -0.45833333333333D+00  0.00000000000000D+00  0.00000000000000D+00
           -0.41666666666667D+00  0.00000000000000D+00  0.00000000000000D+00
           -0.37500000000000D+00  0.00000000000000D+00  0.00000000000000D+00
           -0.33333333333333D+00  0.00000000000000D+00  0.00000000000000D+00
           -0.29166666666667D+00  0.00000000000000D+00  0.00000000000000D+00
           -0.25000000000000D+00  0.00000000000000D+00  0.00000000000000D+00
           -0.20833333333333D+00  0.00000000000000D+00  0.00000000000000D+00
           -0.16666666666667D+00  0.00000000000000D+00  0.00000000000000D+00
           -0.12500000000000D+00  0.00000000000000D+00  0.00000000000000D+00
           -0.83333333333334D-01  0.00000000000000D+00  0.00000000000000D+00
           -0.41666666666667D-01  0.00000000000000D+00  0.00000000000000D+00
            0.00000000000000D+00  0.41666666666667D-01  0.00000000000000D+00
            0.41666666666667D-01  0.41666666666667D-01  0.00000000000000D+00
            0.83333333333333D-01  0.41666666666667D-01  0.00000000000000D+00
            0.12500000000000D+00  0.41666666666667D-01  0.00000000000000D+00
            0.16666666666667D+00  0.41666666666667D-01  0.00000000000000D+00
            0.20833333333333D+00  0.41666666666667D-01  0.00000000000000D+00
            0.25000000000000D+00  0.41666666666667D-01  0.00000000000000D+00
            0.29166666666667D+00  0.41666666666667D-01  0.00000000000000D+00
            0.33333333333333D+00  0.41666666666667D-01  0.00000000000000D+00
            0.37500000000000D+00  0.41666666666667D-01  0.00000000000000D+00
            0.41666666666667D+00  0.41666666666667D-01  0.00000000000000D+00
            0.45833333333333D+00  0.41666666666667D-01  0.00000000000000D+00
            0.50000000000000D+00  0.41666666666667D-01  0.00000000000000D+00
           -0.45833333333333D+00  0.41666666666667D-01  0.00000000000000D+00
           -0.41666666666667D+00  0.41666666666667D-01  0.00000000000000D+00
           -0.37500000000000D+00  0.41666666666667D-01  0.00000000000000D+00
           -0.33333333333333D+00  0.41666666666667D-01  0.00000000000000D+00
           -0.29166666666667D+00  0.41666666666667D-01  0.00000000000000D+00
           -0.25000000000000D+00  0.41666666666667D-01  0.00000000000000D+00
           -0.20833333333333D+00  0.41666666666667D-01  0.00000000000000D+00
           -0.16666666666667D+00  0.41666666666667D-01  0.00000000000000D+00
           -0.12500000000000D+00  0.41666666666667D-01  0.00000000000000D+00
           -0.83333333333334D-01  0.41666666666667D-01  0.00000000000000D+00
           -0.41666666666667D-01  0.41666666666667D-01  0.00000000000000D+00
            0.00000000000000D+00  0.83333333333333D-01  0.00000000000000D+00
            0.41666666666667D-01  0.83333333333333D-01  0.00000000000000D+00
            0.83333333333333D-01  0.83333333333333D-01  0.00000000000000D+00
            0.12500000000000D+00  0.83333333333333D-01  0.00000000000000D+00
            0.16666666666667D+00  0.83333333333333D-01  0.00000000000000D+00
            0.20833333333333D+00  0.83333333333333D-01  0.00000000000000D+00
            0.25000000000000D+00  0.83333333333333D-01  0.00000000000000D+00
            0.29166666666667D+00  0.83333333333333D-01  0.00000000000000D+00
            0.33333333333333D+00  0.83333333333333D-01  0.00000000000000D+00
            0.37500000000000D+00  0.83333333333333D-01  0.00000000000000D+00
            0.41666666666667D+00  0.83333333333333D-01  0.00000000000000D+00
            0.45833333333333D+00  0.83333333333333D-01  0.00000000000000D+00
            0.50000000000000D+00  0.83333333333333D-01  0.00000000000000D+00
           -0.45833333333333D+00  0.83333333333333D-01  0.00000000000000D+00
           -0.41666666666667D+00  0.83333333333333D-01  0.00000000000000D+00
           -0.37500000000000D+00  0.83333333333333D-01  0.00000000000000D+00
           -0.33333333333333D+00  0.83333333333333D-01  0.00000000000000D+00
           -0.29166666666667D+00  0.83333333333333D-01  0.00000000000000D+00
           -0.25000000000000D+00  0.83333333333333D-01  0.00000000000000D+00
           -0.20833333333333D+00  0.83333333333333D-01  0.00000000000000D+00
           -0.16666666666667D+00  0.83333333333333D-01  0.00000000000000D+00
           -0.12500000000000D+00  0.83333333333333D-01  0.00000000000000D+00
           -0.83333333333334D-01  0.83333333333333D-01  0.00000000000000D+00
           -0.41666666666667D-01  0.83333333333333D-01  0.00000000000000D+00
            0.00000000000000D+00  0.12500000000000D+00  0.00000000000000D+00
            0.41666666666667D-01  0.12500000000000D+00  0.00000000000000D+00
            0.83333333333333D-01  0.12500000000000D+00  0.00000000000000D+00
            0.12500000000000D+00  0.12500000000000D+00  0.00000000000000D+00
            0.16666666666667D+00  0.12500000000000D+00  0.00000000000000D+00
            0.20833333333333D+00  0.12500000000000D+00  0.00000000000000D+00
            0.25000000000000D+00  0.12500000000000D+00  0.00000000000000D+00
            0.29166666666667D+00  0.12500000000000D+00  0.00000000000000D+00
            0.33333333333333D+00  0.12500000000000D+00  0.00000000000000D+00
            0.37500000000000D+00  0.12500000000000D+00  0.00000000000000D+00
            0.41666666666667D+00  0.12500000000000D+00  0.00000000000000D+00
            0.45833333333333D+00  0.12500000000000D+00  0.00000000000000D+00
            0.50000000000000D+00  0.12500000000000D+00  0.00000000000000D+00
           -0.45833333333333D+00  0.12500000000000D+00  0.00000000000000D+00
           -0.41666666666667D+00  0.12500000000000D+00  0.00000000000000D+00
           -0.37500000000000D+00  0.12500000000000D+00  0.00000000000000D+00
           -0.33333333333333D+00  0.12500000000000D+00  0.00000000000000D+00
           -0.29166666666667D+00  0.12500000000000D+00  0.00000000000000D+00
           -0.25000000000000D+00  0.12500000000000D+00  0.00000000000000D+00
           -0.20833333333333D+00  0.12500000000000D+00  0.00000000000000D+00
           -0.16666666666667D+00  0.12500000000000D+00  0.00000000000000D+00
           -0.12500000000000D+00  0.12500000000000D+00  0.00000000000000D+00
           -0.83333333333334D-01  0.12500000000000D+00  0.00000000000000D+00
           -0.41666666666667D-01  0.12500000000000D+00  0.00000000000000D+00
            0.00000000000000D+00  0.16666666666667D+00  0.00000000000000D+00
            0.41666666666667D-01  0.16666666666667D+00  0.00000000000000D+00
            0.83333333333333D-01  0.16666666666667D+00  0.00000000000000D+00
            0.12500000000000D+00  0.16666666666667D+00  0.00000000000000D+00
            0.16666666666667D+00  0.16666666666667D+00  0.00000000000000D+00
            0.20833333333333D+00  0.16666666666667D+00  0.00000000000000D+00
            0.25000000000000D+00  0.16666666666667D+00  0.00000000000000D+00
            0.29166666666667D+00  0.16666666666667D+00  0.00000000000000D+00
            0.33333333333333D+00  0.16666666666667D+00  0.00000000000000D+00
            0.37500000000000D+00  0.16666666666667D+00  0.00000000000000D+00
            0.41666666666667D+00  0.16666666666667D+00  0.00000000000000D+00
            0.45833333333333D+00  0.16666666666667D+00  0.00000000000000D+00
            0.50000000000000D+00  0.16666666666667D+00  0.00000000000000D+00
           -0.45833333333333D+00  0.16666666666667D+00  0.00000000000000D+00
           -0.41666666666667D+00  0.16666666666667D+00  0.00000000000000D+00
           -0.37500000000000D+00  0.16666666666667D+00  0.00000000000000D+00
           -0.33333333333333D+00  0.16666666666667D+00  0.00000000000000D+00
           -0.29166666666667D+00  0.16666666666667D+00  0.00000000000000D+00
           -0.25000000000000D+00  0.16666666666667D+00  0.00000000000000D+00
           -0.20833333333333D+00  0.16666666666667D+00  0.00000000000000D+00
           -0.16666666666667D+00  0.16666666666667D+00  0.00000000000000D+00
           -0.12500000000000D+00  0.16666666666667D+00  0.00000000000000D+00
           -0.83333333333334D-01  0.16666666666667D+00  0.00000000000000D+00
           -0.41666666666667D-01  0.16666666666667D+00  0.00000000000000D+00
            0.00000000000000D+00  0.20833333333333D+00  0.00000000000000D+00
            0.41666666666667D-01  0.20833333333333D+00  0.00000000000000D+00
            0.83333333333333D-01  0.20833333333333D+00  0.00000000000000D+00
            0.12500000000000D+00  0.20833333333333D+00  0.00000000000000D+00
            0.16666666666667D+00  0.20833333333333D+00  0.00000000000000D+00
            0.20833333333333D+00  0.20833333333333D+00  0.00000000000000D+00
            0.25000000000000D+00  0.20833333333333D+00  0.00000000000000D+00
            0.29166666666667D+00  0.20833333333333D+00  0.00000000000000D+00
            0.33333333333333D+00  0.20833333333333D+00  0.00000000000000D+00
            0.37500000000000D+00  0.20833333333333D+00  0.00000000000000D+00
            0.41666666666667D+00  0.20833333333333D+00  0.00000000000000D+00
            0.45833333333333D+00  0.20833333333333D+00  0.00000000000000D+00
            0.50000000000000D+00  0.20833333333333D+00  0.00000000000000D+00
           -0.45833333333333D+00  0.20833333333333D+00  0.00000000000000D+00
           -0.41666666666667D+00  0.20833333333333D+00  0.00000000000000D+00
           -0.37500000000000D+00  0.20833333333333D+00  0.00000000000000D+00
           -0.33333333333333D+00  0.20833333333333D+00  0.00000000000000D+00
           -0.29166666666667D+00  0.20833333333333D+00  0.00000000000000D+00
           -0.25000000000000D+00  0.20833333333333D+00  0.00000000000000D+00
           -0.20833333333333D+00  0.20833333333333D+00  0.00000000000000D+00
           -0.16666666666667D+00  0.20833333333333D+00  0.00000000000000D+00
           -0.12500000000000D+00  0.20833333333333D+00  0.00000000000000D+00
           -0.83333333333334D-01  0.20833333333333D+00  0.00000000000000D+00
           -0.41666666666667D-01  0.20833333333333D+00  0.00000000000000D+00
            0.00000000000000D+00  0.25000000000000D+00  0.00000000000000D+00
            0.41666666666667D-01  0.25000000000000D+00  0.00000000000000D+00
            0.83333333333333D-01  0.25000000000000D+00  0.00000000000000D+00
            0.12500000000000D+00  0.25000000000000D+00  0.00000000000000D+00
            0.16666666666667D+00  0.25000000000000D+00  0.00000000000000D+00
            0.20833333333333D+00  0.25000000000000D+00  0.00000000000000D+00
            0.25000000000000D+00  0.25000000000000D+00  0.00000000000000D+00
            0.29166666666667D+00  0.25000000000000D+00  0.00000000000000D+00
            0.33333333333333D+00  0.25000000000000D+00  0.00000000000000D+00
            0.37500000000000D+00  0.25000000000000D+00  0.00000000000000D+00
            0.41666666666667D+00  0.25000000000000D+00  0.00000000000000D+00
            0.45833333333333D+00  0.25000000000000D+00  0.00000000000000D+00
            0.50000000000000D+00  0.25000000000000D+00  0.00000000000000D+00
           -0.45833333333333D+00  0.25000000000000D+00  0.00000000000000D+00
           -0.41666666666667D+00  0.25000000000000D+00  0.00000000000000D+00
           -0.37500000000000D+00  0.25000000000000D+00  0.00000000000000D+00
           -0.33333333333333D+00  0.25000000000000D+00  0.00000000000000D+00
           -0.29166666666667D+00  0.25000000000000D+00  0.00000000000000D+00
           -0.25000000000000D+00  0.25000000000000D+00  0.00000000000000D+00
           -0.20833333333333D+00  0.25000000000000D+00  0.00000000000000D+00
           -0.16666666666667D+00  0.25000000000000D+00  0.00000000000000D+00
           -0.12500000000000D+00  0.25000000000000D+00  0.00000000000000D+00
           -0.83333333333334D-01  0.25000000000000D+00  0.00000000000000D+00
           -0.41666666666667D-01  0.25000000000000D+00  0.00000000000000D+00
            0.00000000000000D+00  0.29166666666667D+00  0.00000000000000D+00
            0.41666666666667D-01  0.29166666666667D+00  0.00000000000000D+00
            0.83333333333333D-01  0.29166666666667D+00  0.00000000000000D+00
            0.12500000000000D+00  0.29166666666667D+00  0.00000000000000D+00
            0.16666666666667D+00  0.29166666666667D+00  0.00000000000000D+00
            0.20833333333333D+00  0.29166666666667D+00  0.00000000000000D+00
            0.25000000000000D+00  0.29166666666667D+00  0.00000000000000D+00
            0.29166666666667D+00  0.29166666666667D+00  0.00000000000000D+00
            0.33333333333333D+00  0.29166666666667D+00  0.00000000000000D+00
            0.37500000000000D+00  0.29166666666667D+00  0.00000000000000D+00
            0.41666666666667D+00  0.29166666666667D+00  0.00000000000000D+00
            0.45833333333333D+00  0.29166666666667D+00  0.00000000000000D+00
            0.50000000000000D+00  0.29166666666667D+00  0.00000000000000D+00
           -0.45833333333333D+00  0.29166666666667D+00  0.00000000000000D+00
           -0.41666666666667D+00  0.29166666666667D+00  0.00000000000000D+00
           -0.37500000000000D+00  0.29166666666667D+00  0.00000000000000D+00
           -0.33333333333333D+00  0.29166666666667D+00  0.00000000000000D+00
           -0.29166666666667D+00  0.29166666666667D+00  0.00000000000000D+00
           -0.25000000000000D+00  0.29166666666667D+00  0.00000000000000D+00
           -0.20833333333333D+00  0.29166666666667D+00  0.00000000000000D+00
           -0.16666666666667D+00  0.29166666666667D+00  0.00000000000000D+00
           -0.12500000000000D+00  0.29166666666667D+00  0.00000000000000D+00
           -0.83333333333334D-01  0.29166666666667D+00  0.00000000000000D+00
           -0.41666666666667D-01  0.29166666666667D+00  0.00000000000000D+00
            0.00000000000000D+00  0.33333333333333D+00  0.00000000000000D+00
            0.41666666666667D-01  0.33333333333333D+00  0.00000000000000D+00
            0.83333333333333D-01  0.33333333333333D+00  0.00000000000000D+00
            0.12500000000000D+00  0.33333333333333D+00  0.00000000000000D+00
            0.16666666666667D+00  0.33333333333333D+00  0.00000000000000D+00
            0.20833333333333D+00  0.33333333333333D+00  0.00000000000000D+00
            0.25000000000000D+00  0.33333333333333D+00  0.00000000000000D+00
            0.29166666666667D+00  0.33333333333333D+00  0.00000000000000D+00
            0.33333333333333D+00  0.33333333333333D+00  0.00000000000000D+00
            0.37500000000000D+00  0.33333333333333D+00  0.00000000000000D+00
            0.41666666666667D+00  0.33333333333333D+00  0.00000000000000D+00
            0.45833333333333D+00  0.33333333333333D+00  0.00000000000000D+00
            0.50000000000000D+00  0.33333333333333D+00  0.00000000000000D+00
           -0.45833333333333D+00  0.33333333333333D+00  0.00000000000000D+00
           -0.41666666666667D+00  0.33333333333333D+00  0.00000000000000D+00
           -0.37500000000000D+00  0.33333333333333D+00  0.00000000000000D+00
           -0.33333333333333D+00  0.33333333333333D+00  0.00000000000000D+00
           -0.29166666666667D+00  0.33333333333333D+00  0.00000000000000D+00
           -0.25000000000000D+00  0.33333333333333D+00  0.00000000000000D+00
           -0.20833333333333D+00  0.33333333333333D+00  0.00000000000000D+00
           -0.16666666666667D+00  0.33333333333333D+00  0.00000000000000D+00
           -0.12500000000000D+00  0.33333333333333D+00  0.00000000000000D+00
           -0.83333333333334D-01  0.33333333333333D+00  0.00000000000000D+00
           -0.41666666666667D-01  0.33333333333333D+00  0.00000000000000D+00
            0.00000000000000D+00  0.37500000000000D+00  0.00000000000000D+00
            0.41666666666667D-01  0.37500000000000D+00  0.00000000000000D+00
            0.83333333333333D-01  0.37500000000000D+00  0.00000000000000D+00
            0.12500000000000D+00  0.37500000000000D+00  0.00000000000000D+00
            0.16666666666667D+00  0.37500000000000D+00  0.00000000000000D+00
            0.20833333333333D+00  0.37500000000000D+00  0.00000000000000D+00
            0.25000000000000D+00  0.37500000000000D+00  0.00000000000000D+00
            0.29166666666667D+00  0.37500000000000D+00  0.00000000000000D+00
            0.33333333333333D+00  0.37500000000000D+00  0.00000000000000D+00
            0.37500000000000D+00  0.37500000000000D+00  0.00000000000000D+00
            0.41666666666667D+00  0.37500000000000D+00  0.00000000000000D+00
            0.45833333333333D+00  0.37500000000000D+00  0.00000000000000D+00
            0.50000000000000D+00  0.37500000000000D+00  0.00000000000000D+00
           -0.45833333333333D+00  0.37500000000000D+00  0.00000000000000D+00
           -0.41666666666667D+00  0.37500000000000D+00  0.00000000000000D+00
           -0.37500000000000D+00  0.37500000000000D+00  0.00000000000000D+00
           -0.33333333333333D+00  0.37500000000000D+00  0.00000000000000D+00
           -0.29166666666667D+00  0.37500000000000D+00  0.00000000000000D+00
           -0.25000000000000D+00  0.37500000000000D+00  0.00000000000000D+00
           -0.20833333333333D+00  0.37500000000000D+00  0.00000000000000D+00
           -0.16666666666667D+00  0.37500000000000D+00  0.00000000000000D+00
           -0.12500000000000D+00  0.37500000000000D+00  0.00000000000000D+00
           -0.83333333333334D-01  0.37500000000000D+00  0.00000000000000D+00
           -0.41666666666667D-01  0.37500000000000D+00  0.00000000000000D+00
            0.00000000000000D+00  0.41666666666667D+00  0.00000000000000D+00
            0.41666666666667D-01  0.41666666666667D+00  0.00000000000000D+00
            0.83333333333333D-01  0.41666666666667D+00  0.00000000000000D+00
            0.12500000000000D+00  0.41666666666667D+00  0.00000000000000D+00
            0.16666666666667D+00  0.41666666666667D+00  0.00000000000000D+00
            0.20833333333333D+00  0.41666666666667D+00  0.00000000000000D+00
            0.25000000000000D+00  0.41666666666667D+00  0.00000000000000D+00
            0.29166666666667D+00  0.41666666666667D+00  0.00000000000000D+00
            0.33333333333333D+00  0.41666666666667D+00  0.00000000000000D+00
            0.37500000000000D+00  0.41666666666667D+00  0.00000000000000D+00
            0.41666666666667D+00  0.41666666666667D+00  0.00000000000000D+00
            0.45833333333333D+00  0.41666666666667D+00  0.00000000000000D+00
            0.50000000000000D+00  0.41666666666667D+00  0.00000000000000D+00
           -0.45833333333333D+00  0.41666666666667D+00  0.00000000000000D+00
           -0.41666666666667D+00  0.41666666666667D+00  0.00000000000000D+00
           -0.37500000000000D+00  0.41666666666667D+00  0.00000000000000D+00
           -0.33333333333333D+00  0.41666666666667D+00  0.00000000000000D+00
           -0.29166666666667D+00  0.41666666666667D+00  0.00000000000000D+00
           -0.25000000000000D+00  0.41666666666667D+00  0.00000000000000D+00
           -0.20833333333333D+00  0.41666666666667D+00  0.00000000000000D+00
           -0.16666666666667D+00  0.41666666666667D+00  0.00000000000000D+00
           -0.12500000000000D+00  0.41666666666667D+00  0.00000000000000D+00
           -0.83333333333334D-01  0.41666666666667D+00  0.00000000000000D+00
           -0.41666666666667D-01  0.41666666666667D+00  0.00000000000000D+00
            0.00000000000000D+00  0.45833333333333D+00  0.00000000000000D+00
            0.41666666666667D-01  0.45833333333333D+00  0.00000000000000D+00
            0.83333333333333D-01  0.45833333333333D+00  0.00000000000000D+00
            0.12500000000000D+00  0.45833333333333D+00  0.00000000000000D+00
            0.16666666666667D+00  0.45833333333333D+00  0.00000000000000D+00
            0.20833333333333D+00  0.45833333333333D+00  0.00000000000000D+00
            0.25000000000000D+00  0.45833333333333D+00  0.00000000000000D+00
            0.29166666666667D+00  0.45833333333333D+00  0.00000000000000D+00
            0.33333333333333D+00  0.45833333333333D+00  0.00000000000000D+00
            0.37500000000000D+00  0.45833333333333D+00  0.00000000000000D+00
            0.41666666666667D+00  0.45833333333333D+00  0.00000000000000D+00
            0.45833333333333D+00  0.45833333333333D+00  0.00000000000000D+00
            0.50000000000000D+00  0.45833333333333D+00  0.00000000000000D+00
           -0.45833333333333D+00  0.45833333333333D+00  0.00000000000000D+00
           -0.41666666666667D+00  0.45833333333333D+00  0.00000000000000D+00
           -0.37500000000000D+00  0.45833333333333D+00  0.00000000000000D+00
           -0.33333333333333D+00  0.45833333333333D+00  0.00000000000000D+00
           -0.29166666666667D+00  0.45833333333333D+00  0.00000000000000D+00
           -0.25000000000000D+00  0.45833333333333D+00  0.00000000000000D+00
           -0.20833333333333D+00  0.45833333333333D+00  0.00000000000000D+00
           -0.16666666666667D+00  0.45833333333333D+00  0.00000000000000D+00
           -0.12500000000000D+00  0.45833333333333D+00  0.00000000000000D+00
           -0.83333333333334D-01  0.45833333333333D+00  0.00000000000000D+00
           -0.41666666666667D-01  0.45833333333333D+00  0.00000000000000D+00
            0.00000000000000D+00  0.50000000000000D+00  0.00000000000000D+00
            0.41666666666667D-01  0.50000000000000D+00  0.00000000000000D+00
            0.83333333333333D-01  0.50000000000000D+00  0.00000000000000D+00
            0.12500000000000D+00  0.50000000000000D+00  0.00000000000000D+00
            0.16666666666667D+00  0.50000000000000D+00  0.00000000000000D+00
            0.20833333333333D+00  0.50000000000000D+00  0.00000000000000D+00
            0.25000000000000D+00  0.50000000000000D+00  0.00000000000000D+00
            0.29166666666667D+00  0.50000000000000D+00  0.00000000000000D+00
            0.33333333333333D+00  0.50000000000000D+00  0.00000000000000D+00
            0.37500000000000D+00  0.50000000000000D+00  0.00000000000000D+00
            0.41666666666667D+00  0.50000000000000D+00  0.00000000000000D+00
            0.45833333333333D+00  0.50000000000000D+00  0.00000000000000D+00
            0.50000000000000D+00  0.50000000000000D+00  0.00000000000000D+00
           -0.45833333333333D+00  0.50000000000000D+00  0.00000000000000D+00
           -0.41666666666667D+00  0.50000000000000D+00  0.00000000000000D+00
           -0.37500000000000D+00  0.50000000000000D+00  0.00000000000000D+00
           -0.33333333333333D+00  0.50000000000000D+00  0.00000000000000D+00
           -0.29166666666667D+00  0.50000000000000D+00  0.00000000000000D+00
           -0.25000000000000D+00  0.50000000000000D+00  0.00000000000000D+00
           -0.20833333333333D+00  0.50000000000000D+00  0.00000000000000D+00
           -0.16666666666667D+00  0.50000000000000D+00  0.00000000000000D+00
           -0.12500000000000D+00  0.50000000000000D+00  0.00000000000000D+00
           -0.83333333333334D-01  0.50000000000000D+00  0.00000000000000D+00
           -0.41666666666667D-01  0.50000000000000D+00  0.00000000000000D+00
            0.00000000000000D+00 -0.45833333333333D+00  0.00000000000000D+00
            0.41666666666667D-01 -0.45833333333333D+00  0.00000000000000D+00
            0.83333333333333D-01 -0.45833333333333D+00  0.00000000000000D+00
            0.12500000000000D+00 -0.45833333333333D+00  0.00000000000000D+00
            0.16666666666667D+00 -0.45833333333333D+00  0.00000000000000D+00
            0.20833333333333D+00 -0.45833333333333D+00  0.00000000000000D+00
            0.25000000000000D+00 -0.45833333333333D+00  0.00000000000000D+00
            0.29166666666667D+00 -0.45833333333333D+00  0.00000000000000D+00
            0.33333333333333D+00 -0.45833333333333D+00  0.00000000000000D+00
            0.37500000000000D+00 -0.45833333333333D+00  0.00000000000000D+00
            0.41666666666667D+00 -0.45833333333333D+00  0.00000000000000D+00
            0.45833333333333D+00 -0.45833333333333D+00  0.00000000000000D+00
            0.50000000000000D+00 -0.45833333333333D+00  0.00000000000000D+00
           -0.45833333333333D+00 -0.45833333333333D+00  0.00000000000000D+00
           -0.41666666666667D+00 -0.45833333333333D+00  0.00000000000000D+00
           -0.37500000000000D+00 -0.45833333333333D+00  0.00000000000000D+00
           -0.33333333333333D+00 -0.45833333333333D+00  0.00000000000000D+00
           -0.29166666666667D+00 -0.45833333333333D+00  0.00000000000000D+00
           -0.25000000000000D+00 -0.45833333333333D+00  0.00000000000000D+00
           -0.20833333333333D+00 -0.45833333333333D+00  0.00000000000000D+00
           -0.16666666666667D+00 -0.45833333333333D+00  0.00000000000000D+00
           -0.12500000000000D+00 -0.45833333333333D+00  0.00000000000000D+00
           -0.83333333333334D-01 -0.45833333333333D+00  0.00000000000000D+00
           -0.41666666666667D-01 -0.45833333333333D+00  0.00000000000000D+00
            0.00000000000000D+00 -0.41666666666667D+00  0.00000000000000D+00
            0.41666666666667D-01 -0.41666666666667D+00  0.00000000000000D+00
            0.83333333333333D-01 -0.41666666666667D+00  0.00000000000000D+00
            0.12500000000000D+00 -0.41666666666667D+00  0.00000000000000D+00
            0.16666666666667D+00 -0.41666666666667D+00  0.00000000000000D+00
            0.20833333333333D+00 -0.41666666666667D+00  0.00000000000000D+00
            0.25000000000000D+00 -0.41666666666667D+00  0.00000000000000D+00
            0.29166666666667D+00 -0.41666666666667D+00  0.00000000000000D+00
            0.33333333333333D+00 -0.41666666666667D+00  0.00000000000000D+00
            0.37500000000000D+00 -0.41666666666667D+00  0.00000000000000D+00
            0.41666666666667D+00 -0.41666666666667D+00  0.00000000000000D+00
            0.45833333333333D+00 -0.41666666666667D+00  0.00000000000000D+00
            0.50000000000000D+00 -0.41666666666667D+00  0.00000000000000D+00
           -0.45833333333333D+00 -0.41666666666667D+00  0.00000000000000D+00
           -0.41666666666667D+00 -0.41666666666667D+00  0.00000000000000D+00
           -0.37500000000000D+00 -0.41666666666667D+00  0.00000000000000D+00
           -0.33333333333333D+00 -0.41666666666667D+00  0.00000000000000D+00
           -0.29166666666667D+00 -0.41666666666667D+00  0.00000000000000D+00
           -0.25000000000000D+00 -0.41666666666667D+00  0.00000000000000D+00
           -0.20833333333333D+00 -0.41666666666667D+00  0.00000000000000D+00
           -0.16666666666667D+00 -0.41666666666667D+00  0.00000000000000D+00
           -0.12500000000000D+00 -0.41666666666667D+00  0.00000000000000D+00
           -0.83333333333334D-01 -0.41666666666667D+00  0.00000000000000D+00
           -0.41666666666667D-01 -0.41666666666667D+00  0.00000000000000D+00
            0.00000000000000D+00 -0.37500000000000D+00  0.00000000000000D+00
            0.41666666666667D-01 -0.37500000000000D+00  0.00000000000000D+00
            0.83333333333333D-01 -0.37500000000000D+00  0.00000000000000D+00
            0.12500000000000D+00 -0.37500000000000D+00  0.00000000000000D+00
            0.16666666666667D+00 -0.37500000000000D+00  0.00000000000000D+00
            0.20833333333333D+00 -0.37500000000000D+00  0.00000000000000D+00
            0.25000000000000D+00 -0.37500000000000D+00  0.00000000000000D+00
            0.29166666666667D+00 -0.37500000000000D+00  0.00000000000000D+00
            0.33333333333333D+00 -0.37500000000000D+00  0.00000000000000D+00
            0.37500000000000D+00 -0.37500000000000D+00  0.00000000000000D+00
            0.41666666666667D+00 -0.37500000000000D+00  0.00000000000000D+00
            0.45833333333333D+00 -0.37500000000000D+00  0.00000000000000D+00
            0.50000000000000D+00 -0.37500000000000D+00  0.00000000000000D+00
           -0.45833333333333D+00 -0.37500000000000D+00  0.00000000000000D+00
           -0.41666666666667D+00 -0.37500000000000D+00  0.00000000000000D+00
           -0.37500000000000D+00 -0.37500000000000D+00  0.00000000000000D+00
           -0.33333333333333D+00 -0.37500000000000D+00  0.00000000000000D+00
           -0.29166666666667D+00 -0.37500000000000D+00  0.00000000000000D+00
           -0.25000000000000D+00 -0.37500000000000D+00  0.00000000000000D+00
           -0.20833333333333D+00 -0.37500000000000D+00  0.00000000000000D+00
           -0.16666666666667D+00 -0.37500000000000D+00  0.00000000000000D+00
           -0.12500000000000D+00 -0.37500000000000D+00  0.00000000000000D+00
           -0.83333333333334D-01 -0.37500000000000D+00  0.00000000000000D+00
           -0.41666666666667D-01 -0.37500000000000D+00  0.00000000000000D+00
            0.00000000000000D+00 -0.33333333333333D+00  0.00000000000000D+00
            0.41666666666667D-01 -0.33333333333333D+00  0.00000000000000D+00
            0.83333333333333D-01 -0.33333333333333D+00  0.00000000000000D+00
            0.12500000000000D+00 -0.33333333333333D+00  0.00000000000000D+00
            0.16666666666667D+00 -0.33333333333333D+00  0.00000000000000D+00
            0.20833333333333D+00 -0.33333333333333D+00  0.00000000000000D+00
            0.25000000000000D+00 -0.33333333333333D+00  0.00000000000000D+00
            0.29166666666667D+00 -0.33333333333333D+00  0.00000000000000D+00
            0.33333333333333D+00 -0.33333333333333D+00  0.00000000000000D+00
            0.37500000000000D+00 -0.33333333333333D+00  0.00000000000000D+00
            0.41666666666667D+00 -0.33333333333333D+00  0.00000000000000D+00
            0.45833333333333D+00 -0.33333333333333D+00  0.00000000000000D+00
            0.50000000000000D+00 -0.33333333333333D+00  0.00000000000000D+00
           -0.45833333333333D+00 -0.33333333333333D+00  0.00000000000000D+00
           -0.41666666666667D+00 -0.33333333333333D+00  0.00000000000000D+00
           -0.37500000000000D+00 -0.33333333333333D+00  0.00000000000000D+00
           -0.33333333333333D+00 -0.33333333333333D+00  0.00000000000000D+00
           -0.29166666666667D+00 -0.33333333333333D+00  0.00000000000000D+00
           -0.25000000000000D+00 -0.33333333333333D+00  0.00000000000000D+00
           -0.20833333333333D+00 -0.33333333333333D+00  0.00000000000000D+00
           -0.16666666666667D+00 -0.33333333333333D+00  0.00000000000000D+00
           -0.12500000000000D+00 -0.33333333333333D+00  0.00000000000000D+00
           -0.83333333333334D-01 -0.33333333333333D+00  0.00000000000000D+00
           -0.41666666666667D-01 -0.33333333333333D+00  0.00000000000000D+00
            0.00000000000000D+00 -0.29166666666667D+00  0.00000000000000D+00
            0.41666666666667D-01 -0.29166666666667D+00  0.00000000000000D+00
            0.83333333333333D-01 -0.29166666666667D+00  0.00000000000000D+00
            0.12500000000000D+00 -0.29166666666667D+00  0.00000000000000D+00
            0.16666666666667D+00 -0.29166666666667D+00  0.00000000000000D+00
            0.20833333333333D+00 -0.29166666666667D+00  0.00000000000000D+00
            0.25000000000000D+00 -0.29166666666667D+00  0.00000000000000D+00
            0.29166666666667D+00 -0.29166666666667D+00  0.00000000000000D+00
            0.33333333333333D+00 -0.29166666666667D+00  0.00000000000000D+00
            0.37500000000000D+00 -0.29166666666667D+00  0.00000000000000D+00
            0.41666666666667D+00 -0.29166666666667D+00  0.00000000000000D+00
            0.45833333333333D+00 -0.29166666666667D+00  0.00000000000000D+00
            0.50000000000000D+00 -0.29166666666667D+00  0.00000000000000D+00
           -0.45833333333333D+00 -0.29166666666667D+00  0.00000000000000D+00
           -0.41666666666667D+00 -0.29166666666667D+00  0.00000000000000D+00
           -0.37500000000000D+00 -0.29166666666667D+00  0.00000000000000D+00
           -0.33333333333333D+00 -0.29166666666667D+00  0.00000000000000D+00
           -0.29166666666667D+00 -0.29166666666667D+00  0.00000000000000D+00
           -0.25000000000000D+00 -0.29166666666667D+00  0.00000000000000D+00
           -0.20833333333333D+00 -0.29166666666667D+00  0.00000000000000D+00
           -0.16666666666667D+00 -0.29166666666667D+00  0.00000000000000D+00
           -0.12500000000000D+00 -0.29166666666667D+00  0.00000000000000D+00
           -0.83333333333334D-01 -0.29166666666667D+00  0.00000000000000D+00
           -0.41666666666667D-01 -0.29166666666667D+00  0.00000000000000D+00
            0.00000000000000D+00 -0.25000000000000D+00  0.00000000000000D+00
            0.41666666666667D-01 -0.25000000000000D+00  0.00000000000000D+00
            0.83333333333333D-01 -0.25000000000000D+00  0.00000000000000D+00
            0.12500000000000D+00 -0.25000000000000D+00  0.00000000000000D+00
            0.16666666666667D+00 -0.25000000000000D+00  0.00000000000000D+00
            0.20833333333333D+00 -0.25000000000000D+00  0.00000000000000D+00
            0.25000000000000D+00 -0.25000000000000D+00  0.00000000000000D+00
            0.29166666666667D+00 -0.25000000000000D+00  0.00000000000000D+00
            0.33333333333333D+00 -0.25000000000000D+00  0.00000000000000D+00
            0.37500000000000D+00 -0.25000000000000D+00  0.00000000000000D+00
            0.41666666666667D+00 -0.25000000000000D+00  0.00000000000000D+00
            0.45833333333333D+00 -0.25000000000000D+00  0.00000000000000D+00
            0.50000000000000D+00 -0.25000000000000D+00  0.00000000000000D+00
           -0.45833333333333D+00 -0.25000000000000D+00  0.00000000000000D+00
           -0.41666666666667D+00 -0.25000000000000D+00  0.00000000000000D+00
           -0.37500000000000D+00 -0.25000000000000D+00  0.00000000000000D+00
           -0.33333333333333D+00 -0.25000000000000D+00  0.00000000000000D+00
           -0.29166666666667D+00 -0.25000000000000D+00  0.00000000000000D+00
           -0.25000000000000D+00 -0.25000000000000D+00  0.00000000000000D+00
           -0.20833333333333D+00 -0.25000000000000D+00  0.00000000000000D+00
           -0.16666666666667D+00 -0.25000000000000D+00  0.00000000000000D+00
           -0.12500000000000D+00 -0.25000000000000D+00  0.00000000000000D+00
           -0.83333333333334D-01 -0.25000000000000D+00  0.00000000000000D+00
           -0.41666666666667D-01 -0.25000000000000D+00  0.00000000000000D+00
            0.00000000000000D+00 -0.20833333333333D+00  0.00000000000000D+00
            0.41666666666667D-01 -0.20833333333333D+00  0.00000000000000D+00
            0.83333333333333D-01 -0.20833333333333D+00  0.00000000000000D+00
            0.12500000000000D+00 -0.20833333333333D+00  0.00000000000000D+00
            0.16666666666667D+00 -0.20833333333333D+00  0.00000000000000D+00
            0.20833333333333D+00 -0.20833333333333D+00  0.00000000000000D+00
            0.25000000000000D+00 -0.20833333333333D+00  0.00000000000000D+00
            0.29166666666667D+00 -0.20833333333333D+00  0.00000000000000D+00
            0.33333333333333D+00 -0.20833333333333D+00  0.00000000000000D+00
            0.37500000000000D+00 -0.20833333333333D+00  0.00000000000000D+00
            0.41666666666667D+00 -0.20833333333333D+00  0.00000000000000D+00
            0.45833333333333D+00 -0.20833333333333D+00  0.00000000000000D+00
            0.50000000000000D+00 -0.20833333333333D+00  0.00000000000000D+00
           -0.45833333333333D+00 -0.20833333333333D+00  0.00000000000000D+00
           -0.41666666666667D+00 -0.20833333333333D+00  0.00000000000000D+00
           -0.37500000000000D+00 -0.20833333333333D+00  0.00000000000000D+00
           -0.33333333333333D+00 -0.20833333333333D+00  0.00000000000000D+00
           -0.29166666666667D+00 -0.20833333333333D+00  0.00000000000000D+00
           -0.25000000000000D+00 -0.20833333333333D+00  0.00000000000000D+00
           -0.20833333333333D+00 -0.20833333333333D+00  0.00000000000000D+00
           -0.16666666666667D+00 -0.20833333333333D+00  0.00000000000000D+00
           -0.12500000000000D+00 -0.20833333333333D+00  0.00000000000000D+00
           -0.83333333333334D-01 -0.20833333333333D+00  0.00000000000000D+00
           -0.41666666666667D-01 -0.20833333333333D+00  0.00000000000000D+00
            0.00000000000000D+00 -0.16666666666667D+00  0.00000000000000D+00
            0.41666666666667D-01 -0.16666666666667D+00  0.00000000000000D+00
            0.83333333333333D-01 -0.16666666666667D+00  0.00000000000000D+00
            0.12500000000000D+00 -0.16666666666667D+00  0.00000000000000D+00
            0.16666666666667D+00 -0.16666666666667D+00  0.00000000000000D+00
            0.20833333333333D+00 -0.16666666666667D+00  0.00000000000000D+00
            0.25000000000000D+00 -0.16666666666667D+00  0.00000000000000D+00
            0.29166666666667D+00 -0.16666666666667D+00  0.00000000000000D+00
            0.33333333333333D+00 -0.16666666666667D+00  0.00000000000000D+00
            0.37500000000000D+00 -0.16666666666667D+00  0.00000000000000D+00
            0.41666666666667D+00 -0.16666666666667D+00  0.00000000000000D+00
            0.45833333333333D+00 -0.16666666666667D+00  0.00000000000000D+00
            0.50000000000000D+00 -0.16666666666667D+00  0.00000000000000D+00
           -0.45833333333333D+00 -0.16666666666667D+00  0.00000000000000D+00
           -0.41666666666667D+00 -0.16666666666667D+00  0.00000000000000D+00
           -0.37500000000000D+00 -0.16666666666667D+00  0.00000000000000D+00
           -0.33333333333333D+00 -0.16666666666667D+00  0.00000000000000D+00
           -0.29166666666667D+00 -0.16666666666667D+00  0.00000000000000D+00
           -0.25000000000000D+00 -0.16666666666667D+00  0.00000000000000D+00
           -0.20833333333333D+00 -0.16666666666667D+00  0.00000000000000D+00
           -0.16666666666667D+00 -0.16666666666667D+00  0.00000000000000D+00
           -0.12500000000000D+00 -0.16666666666667D+00  0.00000000000000D+00
           -0.83333333333334D-01 -0.16666666666667D+00  0.00000000000000D+00
           -0.41666666666667D-01 -0.16666666666667D+00  0.00000000000000D+00
            0.00000000000000D+00 -0.12500000000000D+00  0.00000000000000D+00
            0.41666666666667D-01 -0.12500000000000D+00  0.00000000000000D+00
            0.83333333333333D-01 -0.12500000000000D+00  0.00000000000000D+00
            0.12500000000000D+00 -0.12500000000000D+00  0.00000000000000D+00
            0.16666666666667D+00 -0.12500000000000D+00  0.00000000000000D+00
            0.20833333333333D+00 -0.12500000000000D+00  0.00000000000000D+00
            0.25000000000000D+00 -0.12500000000000D+00  0.00000000000000D+00
            0.29166666666667D+00 -0.12500000000000D+00  0.00000000000000D+00
            0.33333333333333D+00 -0.12500000000000D+00  0.00000000000000D+00
            0.37500000000000D+00 -0.12500000000000D+00  0.00000000000000D+00
            0.41666666666667D+00 -0.12500000000000D+00  0.00000000000000D+00
            0.45833333333333D+00 -0.12500000000000D+00  0.00000000000000D+00
            0.50000000000000D+00 -0.12500000000000D+00  0.00000000000000D+00
           -0.45833333333333D+00 -0.12500000000000D+00  0.00000000000000D+00
           -0.41666666666667D+00 -0.12500000000000D+00  0.00000000000000D+00
           -0.37500000000000D+00 -0.12500000000000D+00  0.00000000000000D+00
           -0.33333333333333D+00 -0.12500000000000D+00  0.00000000000000D+00
           -0.29166666666667D+00 -0.12500000000000D+00  0.00000000000000D+00
           -0.25000000000000D+00 -0.12500000000000D+00  0.00000000000000D+00
           -0.20833333333333D+00 -0.12500000000000D+00  0.00000000000000D+00
           -0.16666666666667D+00 -0.12500000000000D+00  0.00000000000000D+00
           -0.12500000000000D+00 -0.12500000000000D+00  0.00000000000000D+00
           -0.83333333333334D-01 -0.12500000000000D+00  0.00000000000000D+00
           -0.41666666666667D-01 -0.12500000000000D+00  0.00000000000000D+00
            0.00000000000000D+00 -0.83333333333334D-01  0.00000000000000D+00
            0.41666666666667D-01 -0.83333333333334D-01  0.00000000000000D+00
            0.83333333333333D-01 -0.83333333333334D-01  0.00000000000000D+00
            0.12500000000000D+00 -0.83333333333334D-01  0.00000000000000D+00
            0.16666666666667D+00 -0.83333333333334D-01  0.00000000000000D+00
            0.20833333333333D+00 -0.83333333333334D-01  0.00000000000000D+00
            0.25000000000000D+00 -0.83333333333334D-01  0.00000000000000D+00
            0.29166666666667D+00 -0.83333333333334D-01  0.00000000000000D+00
            0.33333333333333D+00 -0.83333333333334D-01  0.00000000000000D+00
            0.37500000000000D+00 -0.83333333333334D-01  0.00000000000000D+00
            0.41666666666667D+00 -0.83333333333334D-01  0.00000000000000D+00
            0.45833333333333D+00 -0.83333333333334D-01  0.00000000000000D+00
            0.50000000000000D+00 -0.83333333333334D-01  0.00000000000000D+00
           -0.45833333333333D+00 -0.83333333333334D-01  0.00000000000000D+00
           -0.41666666666667D+00 -0.83333333333334D-01  0.00000000000000D+00
           -0.37500000000000D+00 -0.83333333333334D-01  0.00000000000000D+00
           -0.33333333333333D+00 -0.83333333333334D-01  0.00000000000000D+00
           -0.29166666666667D+00 -0.83333333333334D-01  0.00000000000000D+00
           -0.25000000000000D+00 -0.83333333333334D-01  0.00000000000000D+00
           -0.20833333333333D+00 -0.83333333333334D-01  0.00000000000000D+00
           -0.16666666666667D+00 -0.83333333333334D-01  0.00000000000000D+00
           -0.12500000000000D+00 -0.83333333333334D-01  0.00000000000000D+00
           -0.83333333333334D-01 -0.83333333333334D-01  0.00000000000000D+00
           -0.41666666666667D-01 -0.83333333333334D-01  0.00000000000000D+00
            0.00000000000000D+00 -0.41666666666667D-01  0.00000000000000D+00
            0.41666666666667D-01 -0.41666666666667D-01  0.00000000000000D+00
            0.83333333333333D-01 -0.41666666666667D-01  0.00000000000000D+00
            0.12500000000000D+00 -0.41666666666667D-01  0.00000000000000D+00
            0.16666666666667D+00 -0.41666666666667D-01  0.00000000000000D+00
            0.20833333333333D+00 -0.41666666666667D-01  0.00000000000000D+00
            0.25000000000000D+00 -0.41666666666667D-01  0.00000000000000D+00
            0.29166666666667D+00 -0.41666666666667D-01  0.00000000000000D+00
            0.33333333333333D+00 -0.41666666666667D-01  0.00000000000000D+00
            0.37500000000000D+00 -0.41666666666667D-01  0.00000000000000D+00
            0.41666666666667D+00 -0.41666666666667D-01  0.00000000000000D+00
            0.45833333333333D+00 -0.41666666666667D-01  0.00000000000000D+00
            0.50000000000000D+00 -0.41666666666667D-01  0.00000000000000D+00
           -0.45833333333333D+00 -0.41666666666667D-01  0.00000000000000D+00
           -0.41666666666667D+00 -0.41666666666667D-01  0.00000000000000D+00
           -0.37500000000000D+00 -0.41666666666667D-01  0.00000000000000D+00
           -0.33333333333333D+00 -0.41666666666667D-01  0.00000000000000D+00
           -0.29166666666667D+00 -0.41666666666667D-01  0.00000000000000D+00
           -0.25000000000000D+00 -0.41666666666667D-01  0.00000000000000D+00
           -0.20833333333333D+00 -0.41666666666667D-01  0.00000000000000D+00
           -0.16666666666667D+00 -0.41666666666667D-01  0.00000000000000D+00
           -0.12500000000000D+00 -0.41666666666667D-01  0.00000000000000D+00
           -0.83333333333334D-01 -0.41666666666667D-01  0.00000000000000D+00
           -0.41666666666667D-01 -0.41666666666667D-01  0.00000000000000D+00
    kptnrm  0.10000000000000D+01
     ngfft        30   30   72
    nspden         1
   nspinor         1
       occ  0.20000000000000D+01  0.20000000000000D+01  0.20000000000000D+01
            0.20000000000000D+01  0.00000000000000D+00  0.00000000000000D+00
            0.00000000000000D+00  0.00000000000000D+00  0.00000000000000D+00
            0.00000000000000D+00
     rprim  0.10000000000000D+01  0.00000000000000D+00  0.00000000000000D+00
            0.50000000000000D+00  0.86602540378000D+00  0.00000000000000D+00
            0.00000000000000D+00  0.00000000000000D+00  0.10000000000000D+01
  dfpt_sciss  0.00000000000000D+00
    spinat  0.00000000000000D+00  0.00000000000000D+00  0.00000000000000D+00
            0.00000000000000D+00  0.00000000000000D+00  0.00000000000000D+00
    symafm         1    1    1    1    1    1    1    1    1    1    1    1
                   1    1    1    1    1    1    1    1    1    1    1    1
    symrel         1    0    0    0    1    0    0    0    1
                  -1    0    0    0   -1    0    0    0   -1
                  -1    1    0    0    1    0    0    0    1
                   1   -1    0    0   -1    0    0    0   -1
                   0    1    0   -1    1    0    0    0    1
                   0   -1    0    1   -1    0    0    0   -1
                  -1    0    0   -1    1    0    0    0    1
                   1    0    0    1   -1    0    0    0   -1
                  -1    1    0   -1    0    0    0    0    1
                   1   -1    0    1    0    0    0    0   -1
                   0   -1    0   -1    0    0    0    0    1
                   0    1    0    1    0    0    0    0   -1
                  -1    0    0    0   -1    0    0    0    1
                   1    0    0    0    1    0    0    0   -1
                   1   -1    0    0   -1    0    0    0    1
                  -1    1    0    0    1    0    0    0   -1
                   0   -1    0    1   -1    0    0    0    1
                   0    1    0   -1    1    0    0    0   -1
                   1    0    0    1   -1    0    0    0    1
                  -1    0    0   -1    1    0    0    0   -1
                   1   -1    0    1    0    0    0    0    1
                  -1    1    0   -1    0    0    0    0   -1
                   0    1    0    1    0    0    0    0    1
                   0   -1    0   -1    0    0    0    0   -1
     tnons  0.00000000000000D+00  0.00000000000000D+00  0.00000000000000D+00
           -0.33333333300000D+00 -0.33333333330000D+00  0.22204460492503D-15
           -0.33333333300000D+00 -0.33333333330000D+00  0.00000000000000D+00
            0.00000000000000D+00  0.00000000000000D+00  0.22204460492503D-15
           -0.33333333300000D+00 -0.33333333330000D+00  0.00000000000000D+00
            0.00000000000000D+00  0.00000000000000D+00  0.22204460492503D-15
            0.00000000000000D+00  0.00000000000000D+00  0.00000000000000D+00
           -0.33333333300000D+00 -0.33333333330000D+00  0.22204460492503D-15
            0.00000000000000D+00  0.00000000000000D+00  0.00000000000000D+00
           -0.33333333300000D+00 -0.33333333330000D+00  0.22204460492503D-15
           -0.33333333300000D+00 -0.33333333330000D+00  0.00000000000000D+00
            0.00000000000000D+00  0.00000000000000D+00  0.22204460492503D-15
           -0.33333333300000D+00 -0.33333333330000D+00  0.00000000000000D+00
            0.00000000000000D+00  0.00000000000000D+00  0.22204460492503D-15
            0.00000000000000D+00  0.00000000000000D+00  0.00000000000000D+00
           -0.33333333300000D+00 -0.33333333330000D+00  0.22204460492503D-15
            0.00000000000000D+00  0.00000000000000D+00  0.00000000000000D+00
           -0.33333333300000D+00 -0.33333333330000D+00  0.22204460492503D-15
           -0.33333333300000D+00 -0.33333333330000D+00  0.00000000000000D+00
            0.00000000000000D+00  0.00000000000000D+00  0.22204460492503D-15
           -0.33333333300000D+00 -0.33333333330000D+00  0.00000000000000D+00
            0.00000000000000D+00  0.00000000000000D+00  0.22204460492503D-15
            0.00000000000000D+00  0.00000000000000D+00  0.00000000000000D+00
           -0.33333333300000D+00 -0.33333333330000D+00  0.22204460492503D-15
    tolwfr  0.10000000000000D+01
   tphysel  0.00000000000000D+00
    tsmear  0.95004462591856D-03
     typat         1    1
       wtk  0.17361111111111D-02  0.17361111111111D-02  0.17361111111111D-02
            0.17361111111111D-02  0.17361111111111D-02  0.17361111111111D-02
            0.17361111111111D-02  0.17361111111111D-02  0.17361111111111D-02
            0.17361111111111D-02  0.17361111111111D-02  0.17361111111111D-02
            0.17361111111111D-02  0.17361111111111D-02  0.17361111111111D-02
            0.17361111111111D-02  0.17361111111111D-02  0.17361111111111D-02
            0.17361111111111D-02  0.17361111111111D-02  0.17361111111111D-02
            0.17361111111111D-02  0.17361111111111D-02  0.17361111111111D-02
            0.17361111111111D-02  0.17361111111111D-02  0.17361111111111D-02
            0.17361111111111D-02  0.17361111111111D-02  0.17361111111111D-02
            0.17361111111111D-02  0.17361111111111D-02  0.17361111111111D-02
            0.17361111111111D-02  0.17361111111111D-02  0.17361111111111D-02
            0.17361111111111D-02  0.17361111111111D-02  0.17361111111111D-02
            0.17361111111111D-02  0.17361111111111D-02  0.17361111111111D-02
            0.17361111111111D-02  0.17361111111111D-02  0.17361111111111D-02
            0.17361111111111D-02  0.17361111111111D-02  0.17361111111111D-02
            0.17361111111111D-02  0.17361111111111D-02  0.17361111111111D-02
            0.17361111111111D-02  0.17361111111111D-02  0.17361111111111D-02
            0.17361111111111D-02  0.17361111111111D-02  0.17361111111111D-02
            0.17361111111111D-02  0.17361111111111D-02  0.17361111111111D-02
            0.17361111111111D-02  0.17361111111111D-02  0.17361111111111D-02
            0.17361111111111D-02  0.17361111111111D-02  0.17361111111111D-02
            0.17361111111111D-02  0.17361111111111D-02  0.17361111111111D-02
            0.17361111111111D-02  0.17361111111111D-02  0.17361111111111D-02
            0.17361111111111D-02  0.17361111111111D-02  0.17361111111111D-02
            0.17361111111111D-02  0.17361111111111D-02  0.17361111111111D-02
            0.17361111111111D-02  0.17361111111111D-02  0.17361111111111D-02
            0.17361111111111D-02  0.17361111111111D-02  0.17361111111111D-02
            0.17361111111111D-02  0.17361111111111D-02  0.17361111111111D-02
            0.17361111111111D-02  0.17361111111111D-02  0.17361111111111D-02
            0.17361111111111D-02  0.17361111111111D-02  0.17361111111111D-02
            0.17361111111111D-02  0.17361111111111D-02  0.17361111111111D-02
            0.17361111111111D-02  0.17361111111111D-02  0.17361111111111D-02
            0.17361111111111D-02  0.17361111111111D-02  0.17361111111111D-02
            0.17361111111111D-02  0.17361111111111D-02  0.17361111111111D-02
            0.17361111111111D-02  0.17361111111111D-02  0.17361111111111D-02
            0.17361111111111D-02  0.17361111111111D-02  0.17361111111111D-02
            0.17361111111111D-02  0.17361111111111D-02  0.17361111111111D-02
            0.17361111111111D-02  0.17361111111111D-02  0.17361111111111D-02
            0.17361111111111D-02  0.17361111111111D-02  0.17361111111111D-02
            0.17361111111111D-02  0.17361111111111D-02  0.17361111111111D-02
            0.17361111111111D-02  0.17361111111111D-02  0.17361111111111D-02
            0.17361111111111D-02  0.17361111111111D-02  0.17361111111111D-02
            0.17361111111111D-02  0.17361111111111D-02  0.17361111111111D-02
            0.17361111111111D-02  0.17361111111111D-02  0.17361111111111D-02
            0.17361111111111D-02  0.17361111111111D-02  0.17361111111111D-02
            0.17361111111111D-02  0.17361111111111D-02  0.17361111111111D-02
            0.17361111111111D-02  0.17361111111111D-02  0.17361111111111D-02
            0.17361111111111D-02  0.17361111111111D-02  0.17361111111111D-02
            0.17361111111111D-02  0.17361111111111D-02  0.17361111111111D-02
            0.17361111111111D-02  0.17361111111111D-02  0.17361111111111D-02
            0.17361111111111D-02  0.17361111111111D-02  0.17361111111111D-02
            0.17361111111111D-02  0.17361111111111D-02  0.17361111111111D-02
            0.17361111111111D-02  0.17361111111111D-02  0.17361111111111D-02
            0.17361111111111D-02  0.17361111111111D-02  0.17361111111111D-02
            0.17361111111111D-02  0.17361111111111D-02  0.17361111111111D-02
            0.17361111111111D-02  0.17361111111111D-02  0.17361111111111D-02
            0.17361111111111D-02  0.17361111111111D-02  0.17361111111111D-02
            0.17361111111111D-02  0.17361111111111D-02  0.17361111111111D-02
            0.17361111111111D-02  0.17361111111111D-02  0.17361111111111D-02
            0.17361111111111D-02  0.17361111111111D-02  0.17361111111111D-02
            0.17361111111111D-02  0.17361111111111D-02  0.17361111111111D-02
            0.17361111111111D-02  0.17361111111111D-02  0.17361111111111D-02
            0.17361111111111D-02  0.17361111111111D-02  0.17361111111111D-02
            0.17361111111111D-02  0.17361111111111D-02  0.17361111111111D-02
            0.17361111111111D-02  0.17361111111111D-02  0.17361111111111D-02
            0.17361111111111D-02  0.17361111111111D-02  0.17361111111111D-02
            0.17361111111111D-02  0.17361111111111D-02  0.17361111111111D-02
            0.17361111111111D-02  0.17361111111111D-02  0.17361111111111D-02
            0.17361111111111D-02  0.17361111111111D-02  0.17361111111111D-02
            0.17361111111111D-02  0.17361111111111D-02  0.17361111111111D-02
            0.17361111111111D-02  0.17361111111111D-02  0.17361111111111D-02
            0.17361111111111D-02  0.17361111111111D-02  0.17361111111111D-02
            0.17361111111111D-02  0.17361111111111D-02  0.17361111111111D-02
            0.17361111111111D-02  0.17361111111111D-02  0.17361111111111D-02
            0.17361111111111D-02  0.17361111111111D-02  0.17361111111111D-02
            0.17361111111111D-02  0.17361111111111D-02  0.17361111111111D-02
            0.17361111111111D-02  0.17361111111111D-02  0.17361111111111D-02
            0.17361111111111D-02  0.17361111111111D-02  0.17361111111111D-02
            0.17361111111111D-02  0.17361111111111D-02  0.17361111111111D-02
            0.17361111111111D-02  0.17361111111111D-02  0.17361111111111D-02
            0.17361111111111D-02  0.17361111111111D-02  0.17361111111111D-02
            0.17361111111111D-02  0.17361111111111D-02  0.17361111111111D-02
            0.17361111111111D-02  0.17361111111111D-02  0.17361111111111D-02
            0.17361111111111D-02  0.17361111111111D-02  0.17361111111111D-02
            0.17361111111111D-02  0.17361111111111D-02  0.17361111111111D-02
            0.17361111111111D-02  0.17361111111111D-02  0.17361111111111D-02
            0.17361111111111D-02  0.17361111111111D-02  0.17361111111111D-02
            0.17361111111111D-02  0.17361111111111D-02  0.17361111111111D-02
            0.17361111111111D-02  0.17361111111111D-02  0.17361111111111D-02
            0.17361111111111D-02  0.17361111111111D-02  0.17361111111111D-02
            0.17361111111111D-02  0.17361111111111D-02  0.17361111111111D-02
            0.17361111111111D-02  0.17361111111111D-02  0.17361111111111D-02
            0.17361111111111D-02  0.17361111111111D-02  0.17361111111111D-02
            0.17361111111111D-02  0.17361111111111D-02  0.17361111111111D-02
            0.17361111111111D-02  0.17361111111111D-02  0.17361111111111D-02
            0.17361111111111D-02  0.17361111111111D-02  0.17361111111111D-02
            0.17361111111111D-02  0.17361111111111D-02  0.17361111111111D-02
            0.17361111111111D-02  0.17361111111111D-02  0.17361111111111D-02
            0.17361111111111D-02  0.17361111111111D-02  0.17361111111111D-02
            0.17361111111111D-02  0.17361111111111D-02  0.17361111111111D-02
            0.17361111111111D-02  0.17361111111111D-02  0.17361111111111D-02
            0.17361111111111D-02  0.17361111111111D-02  0.17361111111111D-02
            0.17361111111111D-02  0.17361111111111D-02  0.17361111111111D-02
            0.17361111111111D-02  0.17361111111111D-02  0.17361111111111D-02
            0.17361111111111D-02  0.17361111111111D-02  0.17361111111111D-02
            0.17361111111111D-02  0.17361111111111D-02  0.17361111111111D-02
            0.17361111111111D-02  0.17361111111111D-02  0.17361111111111D-02
            0.17361111111111D-02  0.17361111111111D-02  0.17361111111111D-02
            0.17361111111111D-02  0.17361111111111D-02  0.17361111111111D-02
            0.17361111111111D-02  0.17361111111111D-02  0.17361111111111D-02
            0.17361111111111D-02  0.17361111111111D-02  0.17361111111111D-02
            0.17361111111111D-02  0.17361111111111D-02  0.17361111111111D-02
            0.17361111111111D-02  0.17361111111111D-02  0.17361111111111D-02
            0.17361111111111D-02  0.17361111111111D-02  0.17361111111111D-02
            0.17361111111111D-02  0.17361111111111D-02  0.17361111111111D-02
            0.17361111111111D-02  0.17361111111111D-02  0.17361111111111D-02
            0.17361111111111D-02  0.17361111111111D-02  0.17361111111111D-02
            0.17361111111111D-02  0.17361111111111D-02  0.17361111111111D-02
            0.17361111111111D-02  0.17361111111111D-02  0.17361111111111D-02
            0.17361111111111D-02  0.17361111111111D-02  0.17361111111111D-02
            0.17361111111111D-02  0.17361111111111D-02  0.17361111111111D-02
            0.17361111111111D-02  0.17361111111111D-02  0.17361111111111D-02
            0.17361111111111D-02  0.17361111111111D-02  0.17361111111111D-02
            0.17361111111111D-02  0.17361111111111D-02  0.17361111111111D-02
            0.17361111111111D-02  0.17361111111111D-02  0.17361111111111D-02
            0.17361111111111D-02  0.17361111111111D-02  0.17361111111111D-02
            0.17361111111111D-02  0.17361111111111D-02  0.17361111111111D-02
            0.17361111111111D-02  0.17361111111111D-02  0.17361111111111D-02
            0.17361111111111D-02  0.17361111111111D-02  0.17361111111111D-02
            0.17361111111111D-02  0.17361111111111D-02  0.17361111111111D-02
            0.17361111111111D-02  0.17361111111111D-02  0.17361111111111D-02
            0.17361111111111D-02  0.17361111111111D-02  0.17361111111111D-02
            0.17361111111111D-02  0.17361111111111D-02  0.17361111111111D-02
            0.17361111111111D-02  0.17361111111111D-02  0.17361111111111D-02
            0.17361111111111D-02  0.17361111111111D-02  0.17361111111111D-02
            0.17361111111111D-02  0.17361111111111D-02  0.17361111111111D-02
            0.17361111111111D-02  0.17361111111111D-02  0.17361111111111D-02
            0.17361111111111D-02  0.17361111111111D-02  0.17361111111111D-02
            0.17361111111111D-02  0.17361111111111D-02  0.17361111111111D-02
            0.17361111111111D-02  0.17361111111111D-02  0.17361111111111D-02
            0.17361111111111D-02  0.17361111111111D-02  0.17361111111111D-02
            0.17361111111111D-02  0.17361111111111D-02  0.17361111111111D-02
            0.17361111111111D-02  0.17361111111111D-02  0.17361111111111D-02
            0.17361111111111D-02  0.17361111111111D-02  0.17361111111111D-02
            0.17361111111111D-02  0.17361111111111D-02  0.17361111111111D-02
            0.17361111111111D-02  0.17361111111111D-02  0.17361111111111D-02
            0.17361111111111D-02  0.17361111111111D-02  0.17361111111111D-02
            0.17361111111111D-02  0.17361111111111D-02  0.17361111111111D-02
            0.17361111111111D-02  0.17361111111111D-02  0.17361111111111D-02
            0.17361111111111D-02  0.17361111111111D-02  0.17361111111111D-02
            0.17361111111111D-02  0.17361111111111D-02  0.17361111111111D-02
            0.17361111111111D-02  0.17361111111111D-02  0.17361111111111D-02
            0.17361111111111D-02  0.17361111111111D-02  0.17361111111111D-02
            0.17361111111111D-02  0.17361111111111D-02  0.17361111111111D-02
            0.17361111111111D-02  0.17361111111111D-02  0.17361111111111D-02
            0.17361111111111D-02  0.17361111111111D-02  0.17361111111111D-02
            0.17361111111111D-02  0.17361111111111D-02  0.17361111111111D-02
            0.17361111111111D-02  0.17361111111111D-02  0.17361111111111D-02
            0.17361111111111D-02  0.17361111111111D-02  0.17361111111111D-02
            0.17361111111111D-02  0.17361111111111D-02  0.17361111111111D-02
            0.17361111111111D-02  0.17361111111111D-02  0.17361111111111D-02
            0.17361111111111D-02  0.17361111111111D-02  0.17361111111111D-02
            0.17361111111111D-02  0.17361111111111D-02  0.17361111111111D-02
            0.17361111111111D-02  0.17361111111111D-02  0.17361111111111D-02
            0.17361111111111D-02  0.17361111111111D-02  0.17361111111111D-02
            0.17361111111111D-02  0.17361111111111D-02  0.17361111111111D-02
            0.17361111111111D-02  0.17361111111111D-02  0.17361111111111D-02
            0.17361111111111D-02  0.17361111111111D-02  0.17361111111111D-02
            0.17361111111111D-02  0.17361111111111D-02  0.17361111111111D-02
            0.17361111111111D-02  0.17361111111111D-02  0.17361111111111D-02
            0.17361111111111D-02  0.17361111111111D-02  0.17361111111111D-02
            0.17361111111111D-02  0.17361111111111D-02  0.17361111111111D-02
            0.17361111111111D-02  0.17361111111111D-02  0.17361111111111D-02
            0.17361111111111D-02  0.17361111111111D-02  0.17361111111111D-02
            0.17361111111111D-02  0.17361111111111D-02  0.17361111111111D-02
            0.17361111111111D-02  0.17361111111111D-02  0.17361111111111D-02
            0.17361111111111D-02  0.17361111111111D-02  0.17361111111111D-02
            0.17361111111111D-02  0.17361111111111D-02  0.17361111111111D-02
            0.17361111111111D-02  0.17361111111111D-02  0.17361111111111D-02
            0.17361111111111D-02  0.17361111111111D-02  0.17361111111111D-02
            0.17361111111111D-02  0.17361111111111D-02  0.17361111111111D-02
            0.17361111111111D-02  0.17361111111111D-02  0.17361111111111D-02
            0.17361111111111D-02  0.17361111111111D-02  0.17361111111111D-02
            0.17361111111111D-02  0.17361111111111D-02  0.17361111111111D-02
            0.17361111111111D-02  0.17361111111111D-02  0.17361111111111D-02
            0.17361111111111D-02  0.17361111111111D-02  0.17361111111111D-02
            0.17361111111111D-02  0.17361111111111D-02  0.17361111111111D-02
            0.17361111111111D-02  0.17361111111111D-02  0.17361111111111D-02
            0.17361111111111D-02  0.17361111111111D-02  0.17361111111111D-02
            0.17361111111111D-02  0.17361111111111D-02  0.17361111111111D-02
            0.17361111111111D-02  0.17361111111111D-02  0.17361111111111D-02
      xred  0.16666666195301D-09  0.16666649541956D-10  0.50000000000000D+00
           -0.33333333316667D+00  0.66666666668333D+00  0.50000000000000D+00
     znucl  0.60000000000000D+01
      zion  0.40000000000000D+01
 
  Description of the potentials (KB energies)
  vrsio8 (for pseudopotentials)=100401
  usepaw =  0
  dimekb =  4       lmnmax=  4
  Atom type=    1   pspso=  0   nekb=   4
  iln lpsang iproj  ekb(:)
     1     0     1     6.4815482E+00  0.0000000E+00  0.0000000E+00  0.0000000E+00
     2     0     2     0.0000000E+00  3.8550364E-01  0.0000000E+00  0.0000000E+00
     3     1     1     0.0000000E+00  0.0000000E+00 -4.1999614E+00  0.0000000E+00
     4     1     2     0.0000000E+00  0.0000000E+00  0.0000000E+00 -8.7751666E-01
 
 **** Database of total energy derivatives ****
 Number of data blocks=    4
  
 2nd derivatives (non-stat.)  - # elements :      64
 qpt  0.00000000E+00  0.00000000E+00  0.00000000E+00   1.0
   1   1   1   1  0.10857792440890D+02  0.00000000000000D+00
   2   1   1   1  0.54288962204451D+01  0.00000000000000D+00
   3   1   1   1  0.76747376668206D-16  0.00000000000000D+00
   1   2   1   1 -0.10861132422087D+02  0.14102126110640D-16
   2   2   1   1 -0.54305662110436D+01 -0.10605130579591D-16
   3   2   1   1 -0.76747376667869D-16  0.24356986115322D-17
   2   4   1   1  0.00000000000000D+00  0.00000000000000D+00
   3   4   1   1  0.00000000000000D+00  0.00000000000000D+00
   1   1   2   1  0.54288962204451D+01  0.00000000000000D+00
   2   1   2   1  0.10857792440814D+02  0.00000000000000D+00
   3   1   2   1  0.84101450193011D-16  0.00000000000000D+00
   1   2   2   1 -0.54305662110436D+01 -0.10605130579591D-16
   2   2   2   1 -0.10861132422011D+02 -0.66757795485325D-17
   3   2   2   1 -0.84101450194241D-16 -0.10549134047881D-18
   1   4   2   1  0.00000000000000D+00  0.00000000000000D+00
   3   4   2   1  0.00000000000000D+00  0.00000000000000D+00
   1   1   3   1  0.76747376667129D-16  0.00000000000000D+00
   2   1   3   1  0.84101450193803D-16  0.00000000000000D+00
   3   1   3   1  0.22519285858719D+02  0.00000000000000D+00
   1   2   3   1 -0.76747376667937D-16  0.24356986115322D-17
   2   2   3   1 -0.84101450194196D-16 -0.10549134047881D-18
   3   2   3   1 -0.22491522261629D+02 -0.72897249855972D-19
   1   4   3   1  0.00000000000000D+00  0.00000000000000D+00
   2   4   3   1  0.00000000000000D+00  0.00000000000000D+00
   1   1   1   2 -0.10861132422087D+02 -0.14102126110640D-16
   2   1   1   2 -0.54305662110436D+01  0.10605130579591D-16
   3   1   1   2 -0.76747376667869D-16 -0.24356986115322D-17
   1   2   1   2  0.10857792440890D+02  0.00000000000000D+00
   2   2   1   2  0.54288962204451D+01  0.00000000000000D+00
   3   2   1   2  0.76747376668206D-16  0.00000000000000D+00
   2   4   1   2  0.00000000000000D+00  0.00000000000000D+00
   3   4   1   2  0.00000000000000D+00  0.00000000000000D+00
   1   1   2   2 -0.54305662110436D+01  0.10605130579591D-16
   2   1   2   2 -0.10861132422011D+02  0.66757795485325D-17
   3   1   2   2 -0.84101450194246D-16  0.10549134047881D-18
   1   2   2   2  0.54288962204451D+01  0.00000000000000D+00
   2   2   2   2  0.10857792440814D+02  0.00000000000000D+00
   3   2   2   2  0.84101450193011D-16  0.00000000000000D+00
   1   4   2   2  0.00000000000000D+00  0.00000000000000D+00
   3   4   2   2  0.00000000000000D+00  0.00000000000000D+00
   1   1   3   2 -0.76747376667735D-16 -0.24356986115322D-17
   2   1   3   2 -0.84101450194393D-16  0.10549134047881D-18
   3   1   3   2 -0.22491522261629D+02  0.72897249855972D-19
   1   2   3   2  0.76747376667129D-16  0.00000000000000D+00
   2   2   3   2  0.84101450193803D-16  0.00000000000000D+00
   3   2   3   2  0.22519285858719D+02  0.00000000000000D+00
   1   4   3   2  0.00000000000000D+00  0.00000000000000D+00
   2   4   3   2  0.00000000000000D+00  0.00000000000000D+00
   2   1   1   4  0.00000000000000D+00  0.00000000000000D+00
   3   1   1   4  0.00000000000000D+00  0.00000000000000D+00
   2   2   1   4  0.00000000000000D+00  0.00000000000000D+00
   3   2   1   4  0.00000000000000D+00  0.00000000000000D+00
   3   4   1   4  0.00000000000000D+00  0.00000000000000D+00
   1   1   2   4  0.00000000000000D+00  0.00000000000000D+00
   3   1   2   4  0.00000000000000D+00  0.00000000000000D+00
   1   2   2   4  0.00000000000000D+00  0.00000000000000D+00
   3   2   2   4  0.00000000000000D+00  0.00000000000000D+00
   3   4   2   4  0.00000000000000D+00  0.00000000000000D+00
   1   1   3   4  0.00000000000000D+00  0.00000000000000D+00
   2   1   3   4  0.00000000000000D+00  0.00000000000000D+00
   1   2   3   4  0.00000000000000D+00  0.00000000000000D+00
   2   2   3   4  0.00000000000000D+00  0.00000000000000D+00
   1   4   3   4  0.00000000000000D+00  0.00000000000000D+00
   2   4   3   4  0.00000000000000D+00  0.00000000000000D+00
  
 2nd derivatives (non-stat.)  - # elements :      36
 qpt  5.00000000E-01  0.00000000E+00  0.00000000E+00   1.0
   1   1   1   1  0.16108089474670D+02 -0.19792911748603D-11
   2   1   1   1  0.57469135109296D+01  0.00000000000000D+00
   3   1   1   1  0.32131707143074D-15  0.00000000000000D+00
   1   2   1   1 -0.17967679198808D+01  0.25940899548671D-14
   2   2   1   1 -0.38198016601326D+01 -0.55297035344057D-15
   3   2   1   1 -0.47015923802927D-15 -0.24620439599602D-15
   1   1   2   1  0.57469135109296D+01  0.00000000000000D+00
   2   1   2   1  0.11493827021965D+02  0.00000000000000D+00
   3   1   2   1  0.10176035299808D-15  0.00000000000000D+00
   1   2   2   1 -0.38198016601326D+01 -0.55297035344057D-15
   2   2   2   1 -0.76396033207240D+01 -0.11048590942570D-14
   3   2   2   1 -0.15671631270497D-17  0.12142229587818D-19
   1   1   3   1  0.32131707143013D-15  0.00000000000000D+00
   2   1   3   1  0.10176035299754D-15  0.00000000000000D+00
   3   1   3   1  0.18136554178000D+02  0.00000000000000D+00
   1   2   3   1 -0.47015918847013D-15 -0.24620309912397D-15
   2   2   3   1 -0.15671631260400D-17  0.12142229688158D-19
   3   2   3   1 -0.52887076785325D+01 -0.82739830398838D-14
   1   1   1   2 -0.17967679198808D+01 -0.25940899548671D-14
   2   1   1   2 -0.38198016601326D+01  0.55297035344057D-15
   3   1   1   2 -0.47015920818837D-15  0.24620364658331D-15
   1   2   1   2  0.16108089474670D+02 -0.19792911748603D-11
   2   2   1   2  0.57469135109296D+01  0.00000000000000D+00
   3   2   1   2  0.32131707143074D-15  0.00000000000000D+00
   1   1   2   2 -0.38198016601326D+01  0.55297035344057D-15
   2   1   2   2 -0.76396033207240D+01  0.11048590942570D-14
   3   1   2   2 -0.15671631260400D-17 -0.12142229688158D-19
   1   2   2   2  0.57469135109296D+01  0.00000000000000D+00
   2   2   2   2  0.11493827021965D+02  0.00000000000000D+00
   3   2   2   2  0.10176035299808D-15  0.00000000000000D+00
   1   1   3   2 -0.47015921831164D-15  0.24620324938930D-15
   2   1   3   2 -0.15671631270497D-17 -0.12142229587818D-19
   3   1   3   2 -0.52887076785325D+01  0.82739830398838D-14
   1   2   3   2  0.32131707143013D-15  0.00000000000000D+00
   2   2   3   2  0.10176035299754D-15  0.00000000000000D+00
   3   2   3   2  0.18136554178000D+02  0.00000000000000D+00
  
 2nd derivatives (non-stat.)  - # elements :      36
 qpt  0.00000000E+00  5.00000000E-01  0.00000000E+00   1.0
   1   1   1   1  0.11493563588161D+02  0.00000000000000D+00
   2   1   1   1  0.57467817940804D+01  0.00000000000000D+00
   3   1   1   1  0.39719232120136D-16  0.00000000000000D+00
   1   2   1   1  0.76396803553173D+01 -0.59391186834383D-14
   2   2   1   1  0.38198401776586D+01 -0.29694044236554D-14
   3   2   1   1  0.10434343891604D-16  0.00000000000000D+00
   1   1   2   1  0.57467817940803D+01  0.00000000000000D+00
   2   1   2   1  0.16108175999569D+02 -0.19440966323353D-11
   3   1   2   1  0.42742655194525D-15  0.00000000000000D+00
   1   2   2   1  0.38198401776586D+01 -0.29694027295895D-14
   2   2   2   1  0.17968119061006D+01 -0.16198767937493D-14
   3   2   2   1  0.14810747882529D-15 -0.22660775417513D-15
   1   1   3   1  0.39719232120136D-16  0.00000000000000D+00
   2   1   3   1  0.42742655194411D-15  0.00000000000000D+00
   3   1   3   1  0.18136206746624D+02  0.00000000000000D+00
   1   2   3   1  0.10434343891602D-16  0.00000000000000D+00
   2   2   3   1  0.14810766852430D-15 -0.22660937143532D-15
   3   2   3   1  0.52893725770833D+01  0.15934254473332D-13
   1   1   1   2  0.76396803553173D+01  0.59391186834383D-14
   2   1   1   2  0.38198401776586D+01  0.29694044236554D-14
   3   1   1   2  0.10434343891602D-16  0.00000000000000D+00
   1   2   1   2  0.11493563588161D+02  0.00000000000000D+00
   2   2   1   2  0.57467817940803D+01  0.00000000000000D+00
   3   2   1   2  0.39719232120110D-16  0.00000000000000D+00
   1   1   2   2  0.38198401776586D+01  0.29694052706883D-14
   2   1   2   2  0.17968119061006D+01  0.16198818759470D-14
   3   1   2   2  0.14810766852430D-15  0.22660937143532D-15
   1   2   2   2  0.57467817940803D+01  0.00000000000000D+00
   2   2   2   2  0.16108175999569D+02 -0.19440966323353D-11
   3   2   2   2  0.42742655194536D-15  0.00000000000000D+00
   1   1   3   2  0.10434343891604D-16  0.00000000000000D+00
   2   1   3   2  0.14810747882529D-15  0.22660775417513D-15
   3   1   3   2  0.52893725770833D+01 -0.15934254473332D-13
   1   2   3   2  0.39719232120110D-16  0.00000000000000D+00
   2   2   3   2  0.42742655194422D-15  0.00000000000000D+00
   3   2   3   2  0.18136206746624D+02  0.00000000000000D+00
  
 2nd derivatives (non-stat.)  - # elements :      36
 qpt  5.00000000E-01  5.00000000E-01  0.00000000E+00   1.0
   1   1   1   1  0.16108080779712D+02  0.00000000000000D+00
   2   1   1   1  0.10361361389137D+02  0.00000000000000D+00
   3   1   1   1 -0.23594846997384D-15  0.00000000000000D+00
   1   2   1   1 -0.17969103396816D+01 -0.18357937629199D-05
   2   2   1   1  0.20229649785654D+01 -0.32161052043584D-14
   3   2   1   1 -0.19671441928598D-14 -0.81647837008068D-15
   1   1   2   1  0.10361361389137D+02  0.00000000000000D+00
   2   1   2   1  0.16108080779818D+02  0.00000000000000D+00
   3   1   2   1  0.87511686984399D-16  0.00000000000000D+00
   1   2   2   1  0.20229649785654D+01 -0.32161052043584D-14
   2   2   2   1 -0.17969103401404D+01 -0.18357937630273D-05
   3   2   2   1 -0.18770941911886D-14 -0.31673401566232D-15
   1   1   3   1 -0.23594169371026D-15  0.00000000000000D+00
   2   1   3   1  0.87514462221668D-16  0.00000000000000D+00
   3   1   3   1  0.18137173285649D+02  0.00000000000000D+00
   1   2   3   1 -0.19671424987939D-14 -0.81647837008068D-15
   2   2   3   1 -0.18770946932194D-14 -0.31673508136255D-15
   3   2   3   1 -0.52899641428752D+01  0.78438538960260D-14
   1   1   1   2 -0.17969103396816D+01 -0.18357937563778D-05
   2   1   1   2  0.20229649785654D+01  0.32161052043584D-14
   3   1   1   2 -0.19671424987939D-14  0.81647837008068D-15
   1   2   1   2  0.16108080779712D+02  0.00000000000000D+00
   2   2   1   2  0.10361361389137D+02  0.00000000000000D+00
   3   2   1   2 -0.23594846997386D-15  0.00000000000000D+00
   1   1   2   2  0.20229649785654D+01  0.32161052043584D-14
   2   1   2   2 -0.17969103401404D+01 -0.18357937562704D-05
   3   1   2   2 -0.18770946932194D-14  0.31673508136255D-15
   1   2   2   2  0.10361361389137D+02  0.00000000000000D+00
   2   2   2   2  0.16108080779818D+02  0.00000000000000D+00
   3   2   2   2  0.87511686984510D-16  0.00000000000000D+00
   1   1   3   2 -0.19671441928598D-14  0.81647837008068D-15
   2   1   3   2 -0.18770941911886D-14  0.31673401566232D-15
   3   1   3   2 -0.52899641428752D+01 -0.78438538960260D-14
   1   2   3   2 -0.23594169371028D-15  0.00000000000000D+00
   2   2   3   2  0.87514462221779D-16  0.00000000000000D+00
   3   2   3   2  0.18137173285649D+02  0.00000000000000D+00

 List of bloks and their characteristics 
  
 2nd derivatives (non-stat.)  - # elements :      64
 qpt  0.00000000E+00  0.00000000E+00  0.00000000E+00   1.0
  
 2nd derivatives (non-stat.)  - # elements :      36
 qpt  5.00000000E-01  0.00000000E+00  0.00000000E+00   1.0
  
 2nd derivatives (non-stat.)  - # elements :      36
 qpt  0.00000000E+00  5.00000000E-01  0.00000000E+00   1.0
  
 2nd derivatives (non-stat.)  - # elements :      36
 qpt  5.00000000E-01  5.00000000E-01  0.00000000E+00   1.0
