
 **** DERIVATIVE DATABASE ****    
+DDB, Version number    100401

 electron-phonon matrix elements

    usepaw         0
     natom         2
      nkpt       576
    nsppol         1
      nsym        24
    ntypat         1
    occopt         3
     nband        10
     acell  0.46597738934000D+01  0.46597738934000D+01  0.11338400000000D+02
       amu  0.12011000000000D+02
   dilatmx  0.10000000000000D+01
      ecut  0.45000000000000D+02
    ecutsm  0.00000000000000D+00
     intxc         0
      iscf         7
       ixc        11
       kpt  0.00000000000000D+00  0.00000000000000D+00  0.00000000000000D+00
            0.41666666666667D-01  0.00000000000000D+00  0.00000000000000D+00
            0.83333333333333D-01  0.00000000000000D+00  0.00000000000000D+00
            0.12500000000000D+00  0.00000000000000D+00  0.00000000000000D+00
            0.16666666666667D+00  0.00000000000000D+00  0.00000000000000D+00
            0.20833333333333D+00  0.00000000000000D+00  0.00000000000000D+00
            0.25000000000000D+00  0.00000000000000D+00  0.00000000000000D+00
            0.29166666666667D+00  0.00000000000000D+00  0.00000000000000D+00
            0.33333333333333D+00  0.00000000000000D+00  0.00000000000000D+00
            0.37500000000000D+00  0.00000000000000D+00  0.00000000000000D+00
            0.41666666666667D+00  0.00000000000000D+00  0.00000000000000D+00
            0.45833333333333D+00  0.00000000000000D+00  0.00000000000000D+00
            0.50000000000000D+00  0.00000000000000D+00  0.00000000000000D+00
           -0.45833333333333D+00  0.00000000000000D+00  0.00000000000000D+00
           -0.41666666666667D+00  0.00000000000000D+00  0.00000000000000D+00
           -0.37500000000000D+00  0.00000000000000D+00  0.00000000000000D+00
           -0.33333333333333D+00  0.00000000000000D+00  0.00000000000000D+00
           -0.29166666666667D+00  0.00000000000000D+00  0.00000000000000D+00
           -0.25000000000000D+00  0.00000000000000D+00  0.00000000000000D+00
           -0.20833333333333D+00  0.00000000000000D+00  0.00000000000000D+00
           -0.16666666666667D+00  0.00000000000000D+00  0.00000000000000D+00
           -0.12500000000000D+00  0.00000000000000D+00  0.00000000000000D+00
           -0.83333333333334D-01  0.00000000000000D+00  0.00000000000000D+00
           -0.41666666666667D-01  0.00000000000000D+00  0.00000000000000D+00
            0.00000000000000D+00  0.41666666666667D-01  0.00000000000000D+00
            0.41666666666667D-01  0.41666666666667D-01  0.00000000000000D+00
            0.83333333333333D-01  0.41666666666667D-01  0.00000000000000D+00
            0.12500000000000D+00  0.41666666666667D-01  0.00000000000000D+00
            0.16666666666667D+00  0.41666666666667D-01  0.00000000000000D+00
            0.20833333333333D+00  0.41666666666667D-01  0.00000000000000D+00
            0.25000000000000D+00  0.41666666666667D-01  0.00000000000000D+00
            0.29166666666667D+00  0.41666666666667D-01  0.00000000000000D+00
            0.33333333333333D+00  0.41666666666667D-01  0.00000000000000D+00
            0.37500000000000D+00  0.41666666666667D-01  0.00000000000000D+00
            0.41666666666667D+00  0.41666666666667D-01  0.00000000000000D+00
            0.45833333333333D+00  0.41666666666667D-01  0.00000000000000D+00
            0.50000000000000D+00  0.41666666666667D-01  0.00000000000000D+00
           -0.45833333333333D+00  0.41666666666667D-01  0.00000000000000D+00
           -0.41666666666667D+00  0.41666666666667D-01  0.00000000000000D+00
           -0.37500000000000D+00  0.41666666666667D-01  0.00000000000000D+00
           -0.33333333333333D+00  0.41666666666667D-01  0.00000000000000D+00
           -0.29166666666667D+00  0.41666666666667D-01  0.00000000000000D+00
           -0.25000000000000D+00  0.41666666666667D-01  0.00000000000000D+00
           -0.20833333333333D+00  0.41666666666667D-01  0.00000000000000D+00
           -0.16666666666667D+00  0.41666666666667D-01  0.00000000000000D+00
           -0.12500000000000D+00  0.41666666666667D-01  0.00000000000000D+00
           -0.83333333333334D-01  0.41666666666667D-01  0.00000000000000D+00
           -0.41666666666667D-01  0.41666666666667D-01  0.00000000000000D+00
            0.00000000000000D+00  0.83333333333333D-01  0.00000000000000D+00
            0.41666666666667D-01  0.83333333333333D-01  0.00000000000000D+00
            0.83333333333333D-01  0.83333333333333D-01  0.00000000000000D+00
            0.12500000000000D+00  0.83333333333333D-01  0.00000000000000D+00
            0.16666666666667D+00  0.83333333333333D-01  0.00000000000000D+00
            0.20833333333333D+00  0.83333333333333D-01  0.00000000000000D+00
            0.25000000000000D+00  0.83333333333333D-01  0.00000000000000D+00
            0.29166666666667D+00  0.83333333333333D-01  0.00000000000000D+00
            0.33333333333333D+00  0.83333333333333D-01  0.00000000000000D+00
            0.37500000000000D+00  0.83333333333333D-01  0.00000000000000D+00
            0.41666666666667D+00  0.83333333333333D-01  0.00000000000000D+00
            0.45833333333333D+00  0.83333333333333D-01  0.00000000000000D+00
            0.50000000000000D+00  0.83333333333333D-01  0.00000000000000D+00
           -0.45833333333333D+00  0.83333333333333D-01  0.00000000000000D+00
           -0.41666666666667D+00  0.83333333333333D-01  0.00000000000000D+00
           -0.37500000000000D+00  0.83333333333333D-01  0.00000000000000D+00
           -0.33333333333333D+00  0.83333333333333D-01  0.00000000000000D+00
           -0.29166666666667D+00  0.83333333333333D-01  0.00000000000000D+00
           -0.25000000000000D+00  0.83333333333333D-01  0.00000000000000D+00
           -0.20833333333333D+00  0.83333333333333D-01  0.00000000000000D+00
           -0.16666666666667D+00  0.83333333333333D-01  0.00000000000000D+00
           -0.12500000000000D+00  0.83333333333333D-01  0.00000000000000D+00
           -0.83333333333334D-01  0.83333333333333D-01  0.00000000000000D+00
           -0.41666666666667D-01  0.83333333333333D-01  0.00000000000000D+00
            0.00000000000000D+00  0.12500000000000D+00  0.00000000000000D+00
            0.41666666666667D-01  0.12500000000000D+00  0.00000000000000D+00
            0.83333333333333D-01  0.12500000000000D+00  0.00000000000000D+00
            0.12500000000000D+00  0.12500000000000D+00  0.00000000000000D+00
            0.16666666666667D+00  0.12500000000000D+00  0.00000000000000D+00
            0.20833333333333D+00  0.12500000000000D+00  0.00000000000000D+00
            0.25000000000000D+00  0.12500000000000D+00  0.00000000000000D+00
            0.29166666666667D+00  0.12500000000000D+00  0.00000000000000D+00
            0.33333333333333D+00  0.12500000000000D+00  0.00000000000000D+00
            0.37500000000000D+00  0.12500000000000D+00  0.00000000000000D+00
            0.41666666666667D+00  0.12500000000000D+00  0.00000000000000D+00
            0.45833333333333D+00  0.12500000000000D+00  0.00000000000000D+00
            0.50000000000000D+00  0.12500000000000D+00  0.00000000000000D+00
           -0.45833333333333D+00  0.12500000000000D+00  0.00000000000000D+00
           -0.41666666666667D+00  0.12500000000000D+00  0.00000000000000D+00
           -0.37500000000000D+00  0.12500000000000D+00  0.00000000000000D+00
           -0.33333333333333D+00  0.12500000000000D+00  0.00000000000000D+00
           -0.29166666666667D+00  0.12500000000000D+00  0.00000000000000D+00
           -0.25000000000000D+00  0.12500000000000D+00  0.00000000000000D+00
           -0.20833333333333D+00  0.12500000000000D+00  0.00000000000000D+00
           -0.16666666666667D+00  0.12500000000000D+00  0.00000000000000D+00
           -0.12500000000000D+00  0.12500000000000D+00  0.00000000000000D+00
           -0.83333333333334D-01  0.12500000000000D+00  0.00000000000000D+00
           -0.41666666666667D-01  0.12500000000000D+00  0.00000000000000D+00
            0.00000000000000D+00  0.16666666666667D+00  0.00000000000000D+00
            0.41666666666667D-01  0.16666666666667D+00  0.00000000000000D+00
            0.83333333333333D-01  0.16666666666667D+00  0.00000000000000D+00
            0.12500000000000D+00  0.16666666666667D+00  0.00000000000000D+00
            0.16666666666667D+00  0.16666666666667D+00  0.00000000000000D+00
            0.20833333333333D+00  0.16666666666667D+00  0.00000000000000D+00
            0.25000000000000D+00  0.16666666666667D+00  0.00000000000000D+00
            0.29166666666667D+00  0.16666666666667D+00  0.00000000000000D+00
            0.33333333333333D+00  0.16666666666667D+00  0.00000000000000D+00
            0.37500000000000D+00  0.16666666666667D+00  0.00000000000000D+00
            0.41666666666667D+00  0.16666666666667D+00  0.00000000000000D+00
            0.45833333333333D+00  0.16666666666667D+00  0.00000000000000D+00
            0.50000000000000D+00  0.16666666666667D+00  0.00000000000000D+00
           -0.45833333333333D+00  0.16666666666667D+00  0.00000000000000D+00
           -0.41666666666667D+00  0.16666666666667D+00  0.00000000000000D+00
           -0.37500000000000D+00  0.16666666666667D+00  0.00000000000000D+00
           -0.33333333333333D+00  0.16666666666667D+00  0.00000000000000D+00
           -0.29166666666667D+00  0.16666666666667D+00  0.00000000000000D+00
           -0.25000000000000D+00  0.16666666666667D+00  0.00000000000000D+00
           -0.20833333333333D+00  0.16666666666667D+00  0.00000000000000D+00
           -0.16666666666667D+00  0.16666666666667D+00  0.00000000000000D+00
           -0.12500000000000D+00  0.16666666666667D+00  0.00000000000000D+00
           -0.83333333333334D-01  0.16666666666667D+00  0.00000000000000D+00
           -0.41666666666667D-01  0.16666666666667D+00  0.00000000000000D+00
            0.00000000000000D+00  0.20833333333333D+00  0.00000000000000D+00
            0.41666666666667D-01  0.20833333333333D+00  0.00000000000000D+00
            0.83333333333333D-01  0.20833333333333D+00  0.00000000000000D+00
            0.12500000000000D+00  0.20833333333333D+00  0.00000000000000D+00
            0.16666666666667D+00  0.20833333333333D+00  0.00000000000000D+00
            0.20833333333333D+00  0.20833333333333D+00  0.00000000000000D+00
            0.25000000000000D+00  0.20833333333333D+00  0.00000000000000D+00
            0.29166666666667D+00  0.20833333333333D+00  0.00000000000000D+00
            0.33333333333333D+00  0.20833333333333D+00  0.00000000000000D+00
            0.37500000000000D+00  0.20833333333333D+00  0.00000000000000D+00
            0.41666666666667D+00  0.20833333333333D+00  0.00000000000000D+00
            0.45833333333333D+00  0.20833333333333D+00  0.00000000000000D+00
            0.50000000000000D+00  0.20833333333333D+00  0.00000000000000D+00
           -0.45833333333333D+00  0.20833333333333D+00  0.00000000000000D+00
           -0.41666666666667D+00  0.20833333333333D+00  0.00000000000000D+00
           -0.37500000000000D+00  0.20833333333333D+00  0.00000000000000D+00
           -0.33333333333333D+00  0.20833333333333D+00  0.00000000000000D+00
           -0.29166666666667D+00  0.20833333333333D+00  0.00000000000000D+00
           -0.25000000000000D+00  0.20833333333333D+00  0.00000000000000D+00
           -0.20833333333333D+00  0.20833333333333D+00  0.00000000000000D+00
           -0.16666666666667D+00  0.20833333333333D+00  0.00000000000000D+00
           -0.12500000000000D+00  0.20833333333333D+00  0.00000000000000D+00
           -0.83333333333334D-01  0.20833333333333D+00  0.00000000000000D+00
           -0.41666666666667D-01  0.20833333333333D+00  0.00000000000000D+00
            0.00000000000000D+00  0.25000000000000D+00  0.00000000000000D+00
            0.41666666666667D-01  0.25000000000000D+00  0.00000000000000D+00
            0.83333333333333D-01  0.25000000000000D+00  0.00000000000000D+00
            0.12500000000000D+00  0.25000000000000D+00  0.00000000000000D+00
            0.16666666666667D+00  0.25000000000000D+00  0.00000000000000D+00
            0.20833333333333D+00  0.25000000000000D+00  0.00000000000000D+00
            0.25000000000000D+00  0.25000000000000D+00  0.00000000000000D+00
            0.29166666666667D+00  0.25000000000000D+00  0.00000000000000D+00
            0.33333333333333D+00  0.25000000000000D+00  0.00000000000000D+00
            0.37500000000000D+00  0.25000000000000D+00  0.00000000000000D+00
            0.41666666666667D+00  0.25000000000000D+00  0.00000000000000D+00
            0.45833333333333D+00  0.25000000000000D+00  0.00000000000000D+00
            0.50000000000000D+00  0.25000000000000D+00  0.00000000000000D+00
           -0.45833333333333D+00  0.25000000000000D+00  0.00000000000000D+00
           -0.41666666666667D+00  0.25000000000000D+00  0.00000000000000D+00
           -0.37500000000000D+00  0.25000000000000D+00  0.00000000000000D+00
           -0.33333333333333D+00  0.25000000000000D+00  0.00000000000000D+00
           -0.29166666666667D+00  0.25000000000000D+00  0.00000000000000D+00
           -0.25000000000000D+00  0.25000000000000D+00  0.00000000000000D+00
           -0.20833333333333D+00  0.25000000000000D+00  0.00000000000000D+00
           -0.16666666666667D+00  0.25000000000000D+00  0.00000000000000D+00
           -0.12500000000000D+00  0.25000000000000D+00  0.00000000000000D+00
           -0.83333333333334D-01  0.25000000000000D+00  0.00000000000000D+00
           -0.41666666666667D-01  0.25000000000000D+00  0.00000000000000D+00
            0.00000000000000D+00  0.29166666666667D+00  0.00000000000000D+00
            0.41666666666667D-01  0.29166666666667D+00  0.00000000000000D+00
            0.83333333333333D-01  0.29166666666667D+00  0.00000000000000D+00
            0.12500000000000D+00  0.29166666666667D+00  0.00000000000000D+00
            0.16666666666667D+00  0.29166666666667D+00  0.00000000000000D+00
            0.20833333333333D+00  0.29166666666667D+00  0.00000000000000D+00
            0.25000000000000D+00  0.29166666666667D+00  0.00000000000000D+00
            0.29166666666667D+00  0.29166666666667D+00  0.00000000000000D+00
            0.33333333333333D+00  0.29166666666667D+00  0.00000000000000D+00
            0.37500000000000D+00  0.29166666666667D+00  0.00000000000000D+00
            0.41666666666667D+00  0.29166666666667D+00  0.00000000000000D+00
            0.45833333333333D+00  0.29166666666667D+00  0.00000000000000D+00
            0.50000000000000D+00  0.29166666666667D+00  0.00000000000000D+00
           -0.45833333333333D+00  0.29166666666667D+00  0.00000000000000D+00
           -0.41666666666667D+00  0.29166666666667D+00  0.00000000000000D+00
           -0.37500000000000D+00  0.29166666666667D+00  0.00000000000000D+00
           -0.33333333333333D+00  0.29166666666667D+00  0.00000000000000D+00
           -0.29166666666667D+00  0.29166666666667D+00  0.00000000000000D+00
           -0.25000000000000D+00  0.29166666666667D+00  0.00000000000000D+00
           -0.20833333333333D+00  0.29166666666667D+00  0.00000000000000D+00
           -0.16666666666667D+00  0.29166666666667D+00  0.00000000000000D+00
           -0.12500000000000D+00  0.29166666666667D+00  0.00000000000000D+00
           -0.83333333333334D-01  0.29166666666667D+00  0.00000000000000D+00
           -0.41666666666667D-01  0.29166666666667D+00  0.00000000000000D+00
            0.00000000000000D+00  0.33333333333333D+00  0.00000000000000D+00
            0.41666666666667D-01  0.33333333333333D+00  0.00000000000000D+00
            0.83333333333333D-01  0.33333333333333D+00  0.00000000000000D+00
            0.12500000000000D+00  0.33333333333333D+00  0.00000000000000D+00
            0.16666666666667D+00  0.33333333333333D+00  0.00000000000000D+00
            0.20833333333333D+00  0.33333333333333D+00  0.00000000000000D+00
            0.25000000000000D+00  0.33333333333333D+00  0.00000000000000D+00
            0.29166666666667D+00  0.33333333333333D+00  0.00000000000000D+00
            0.33333333333333D+00  0.33333333333333D+00  0.00000000000000D+00
            0.37500000000000D+00  0.33333333333333D+00  0.00000000000000D+00
            0.41666666666667D+00  0.33333333333333D+00  0.00000000000000D+00
            0.45833333333333D+00  0.33333333333333D+00  0.00000000000000D+00
            0.50000000000000D+00  0.33333333333333D+00  0.00000000000000D+00
           -0.45833333333333D+00  0.33333333333333D+00  0.00000000000000D+00
           -0.41666666666667D+00  0.33333333333333D+00  0.00000000000000D+00
           -0.37500000000000D+00  0.33333333333333D+00  0.00000000000000D+00
           -0.33333333333333D+00  0.33333333333333D+00  0.00000000000000D+00
           -0.29166666666667D+00  0.33333333333333D+00  0.00000000000000D+00
           -0.25000000000000D+00  0.33333333333333D+00  0.00000000000000D+00
           -0.20833333333333D+00  0.33333333333333D+00  0.00000000000000D+00
           -0.16666666666667D+00  0.33333333333333D+00  0.00000000000000D+00
           -0.12500000000000D+00  0.33333333333333D+00  0.00000000000000D+00
           -0.83333333333334D-01  0.33333333333333D+00  0.00000000000000D+00
           -0.41666666666667D-01  0.33333333333333D+00  0.00000000000000D+00
            0.00000000000000D+00  0.37500000000000D+00  0.00000000000000D+00
            0.41666666666667D-01  0.37500000000000D+00  0.00000000000000D+00
            0.83333333333333D-01  0.37500000000000D+00  0.00000000000000D+00
            0.12500000000000D+00  0.37500000000000D+00  0.00000000000000D+00
            0.16666666666667D+00  0.37500000000000D+00  0.00000000000000D+00
            0.20833333333333D+00  0.37500000000000D+00  0.00000000000000D+00
            0.25000000000000D+00  0.37500000000000D+00  0.00000000000000D+00
            0.29166666666667D+00  0.37500000000000D+00  0.00000000000000D+00
            0.33333333333333D+00  0.37500000000000D+00  0.00000000000000D+00
            0.37500000000000D+00  0.37500000000000D+00  0.00000000000000D+00
            0.41666666666667D+00  0.37500000000000D+00  0.00000000000000D+00
            0.45833333333333D+00  0.37500000000000D+00  0.00000000000000D+00
            0.50000000000000D+00  0.37500000000000D+00  0.00000000000000D+00
           -0.45833333333333D+00  0.37500000000000D+00  0.00000000000000D+00
           -0.41666666666667D+00  0.37500000000000D+00  0.00000000000000D+00
           -0.37500000000000D+00  0.37500000000000D+00  0.00000000000000D+00
           -0.33333333333333D+00  0.37500000000000D+00  0.00000000000000D+00
           -0.29166666666667D+00  0.37500000000000D+00  0.00000000000000D+00
           -0.25000000000000D+00  0.37500000000000D+00  0.00000000000000D+00
           -0.20833333333333D+00  0.37500000000000D+00  0.00000000000000D+00
           -0.16666666666667D+00  0.37500000000000D+00  0.00000000000000D+00
           -0.12500000000000D+00  0.37500000000000D+00  0.00000000000000D+00
           -0.83333333333334D-01  0.37500000000000D+00  0.00000000000000D+00
           -0.41666666666667D-01  0.37500000000000D+00  0.00000000000000D+00
            0.00000000000000D+00  0.41666666666667D+00  0.00000000000000D+00
            0.41666666666667D-01  0.41666666666667D+00  0.00000000000000D+00
            0.83333333333333D-01  0.41666666666667D+00  0.00000000000000D+00
            0.12500000000000D+00  0.41666666666667D+00  0.00000000000000D+00
            0.16666666666667D+00  0.41666666666667D+00  0.00000000000000D+00
            0.20833333333333D+00  0.41666666666667D+00  0.00000000000000D+00
            0.25000000000000D+00  0.41666666666667D+00  0.00000000000000D+00
            0.29166666666667D+00  0.41666666666667D+00  0.00000000000000D+00
            0.33333333333333D+00  0.41666666666667D+00  0.00000000000000D+00
            0.37500000000000D+00  0.41666666666667D+00  0.00000000000000D+00
            0.41666666666667D+00  0.41666666666667D+00  0.00000000000000D+00
            0.45833333333333D+00  0.41666666666667D+00  0.00000000000000D+00
            0.50000000000000D+00  0.41666666666667D+00  0.00000000000000D+00
           -0.45833333333333D+00  0.41666666666667D+00  0.00000000000000D+00
           -0.41666666666667D+00  0.41666666666667D+00  0.00000000000000D+00
           -0.37500000000000D+00  0.41666666666667D+00  0.00000000000000D+00
           -0.33333333333333D+00  0.41666666666667D+00  0.00000000000000D+00
           -0.29166666666667D+00  0.41666666666667D+00  0.00000000000000D+00
           -0.25000000000000D+00  0.41666666666667D+00  0.00000000000000D+00
           -0.20833333333333D+00  0.41666666666667D+00  0.00000000000000D+00
           -0.16666666666667D+00  0.41666666666667D+00  0.00000000000000D+00
           -0.12500000000000D+00  0.41666666666667D+00  0.00000000000000D+00
           -0.83333333333334D-01  0.41666666666667D+00  0.00000000000000D+00
           -0.41666666666667D-01  0.41666666666667D+00  0.00000000000000D+00
            0.00000000000000D+00  0.45833333333333D+00  0.00000000000000D+00
            0.41666666666667D-01  0.45833333333333D+00  0.00000000000000D+00
            0.83333333333333D-01  0.45833333333333D+00  0.00000000000000D+00
            0.12500000000000D+00  0.45833333333333D+00  0.00000000000000D+00
            0.16666666666667D+00  0.45833333333333D+00  0.00000000000000D+00
            0.20833333333333D+00  0.45833333333333D+00  0.00000000000000D+00
            0.25000000000000D+00  0.45833333333333D+00  0.00000000000000D+00
            0.29166666666667D+00  0.45833333333333D+00  0.00000000000000D+00
            0.33333333333333D+00  0.45833333333333D+00  0.00000000000000D+00
            0.37500000000000D+00  0.45833333333333D+00  0.00000000000000D+00
            0.41666666666667D+00  0.45833333333333D+00  0.00000000000000D+00
            0.45833333333333D+00  0.45833333333333D+00  0.00000000000000D+00
            0.50000000000000D+00  0.45833333333333D+00  0.00000000000000D+00
           -0.45833333333333D+00  0.45833333333333D+00  0.00000000000000D+00
           -0.41666666666667D+00  0.45833333333333D+00  0.00000000000000D+00
           -0.37500000000000D+00  0.45833333333333D+00  0.00000000000000D+00
           -0.33333333333333D+00  0.45833333333333D+00  0.00000000000000D+00
           -0.29166666666667D+00  0.45833333333333D+00  0.00000000000000D+00
           -0.25000000000000D+00  0.45833333333333D+00  0.00000000000000D+00
           -0.20833333333333D+00  0.45833333333333D+00  0.00000000000000D+00
           -0.16666666666667D+00  0.45833333333333D+00  0.00000000000000D+00
           -0.12500000000000D+00  0.45833333333333D+00  0.00000000000000D+00
           -0.83333333333334D-01  0.45833333333333D+00  0.00000000000000D+00
           -0.41666666666667D-01  0.45833333333333D+00  0.00000000000000D+00
            0.00000000000000D+00  0.50000000000000D+00  0.00000000000000D+00
            0.41666666666667D-01  0.50000000000000D+00  0.00000000000000D+00
            0.83333333333333D-01  0.50000000000000D+00  0.00000000000000D+00
            0.12500000000000D+00  0.50000000000000D+00  0.00000000000000D+00
            0.16666666666667D+00  0.50000000000000D+00  0.00000000000000D+00
            0.20833333333333D+00  0.50000000000000D+00  0.00000000000000D+00
            0.25000000000000D+00  0.50000000000000D+00  0.00000000000000D+00
            0.29166666666667D+00  0.50000000000000D+00  0.00000000000000D+00
            0.33333333333333D+00  0.50000000000000D+00  0.00000000000000D+00
            0.37500000000000D+00  0.50000000000000D+00  0.00000000000000D+00
            0.41666666666667D+00  0.50000000000000D+00  0.00000000000000D+00
            0.45833333333333D+00  0.50000000000000D+00  0.00000000000000D+00
            0.50000000000000D+00  0.50000000000000D+00  0.00000000000000D+00
           -0.45833333333333D+00  0.50000000000000D+00  0.00000000000000D+00
           -0.41666666666667D+00  0.50000000000000D+00  0.00000000000000D+00
           -0.37500000000000D+00  0.50000000000000D+00  0.00000000000000D+00
           -0.33333333333333D+00  0.50000000000000D+00  0.00000000000000D+00
           -0.29166666666667D+00  0.50000000000000D+00  0.00000000000000D+00
           -0.25000000000000D+00  0.50000000000000D+00  0.00000000000000D+00
           -0.20833333333333D+00  0.50000000000000D+00  0.00000000000000D+00
           -0.16666666666667D+00  0.50000000000000D+00  0.00000000000000D+00
           -0.12500000000000D+00  0.50000000000000D+00  0.00000000000000D+00
           -0.83333333333334D-01  0.50000000000000D+00  0.00000000000000D+00
           -0.41666666666667D-01  0.50000000000000D+00  0.00000000000000D+00
            0.00000000000000D+00 -0.45833333333333D+00  0.00000000000000D+00
            0.41666666666667D-01 -0.45833333333333D+00  0.00000000000000D+00
            0.83333333333333D-01 -0.45833333333333D+00  0.00000000000000D+00
            0.12500000000000D+00 -0.45833333333333D+00  0.00000000000000D+00
            0.16666666666667D+00 -0.45833333333333D+00  0.00000000000000D+00
            0.20833333333333D+00 -0.45833333333333D+00  0.00000000000000D+00
            0.25000000000000D+00 -0.45833333333333D+00  0.00000000000000D+00
            0.29166666666667D+00 -0.45833333333333D+00  0.00000000000000D+00
            0.33333333333333D+00 -0.45833333333333D+00  0.00000000000000D+00
            0.37500000000000D+00 -0.45833333333333D+00  0.00000000000000D+00
            0.41666666666667D+00 -0.45833333333333D+00  0.00000000000000D+00
            0.45833333333333D+00 -0.45833333333333D+00  0.00000000000000D+00
            0.50000000000000D+00 -0.45833333333333D+00  0.00000000000000D+00
           -0.45833333333333D+00 -0.45833333333333D+00  0.00000000000000D+00
           -0.41666666666667D+00 -0.45833333333333D+00  0.00000000000000D+00
           -0.37500000000000D+00 -0.45833333333333D+00  0.00000000000000D+00
           -0.33333333333333D+00 -0.45833333333333D+00  0.00000000000000D+00
           -0.29166666666667D+00 -0.45833333333333D+00  0.00000000000000D+00
           -0.25000000000000D+00 -0.45833333333333D+00  0.00000000000000D+00
           -0.20833333333333D+00 -0.45833333333333D+00  0.00000000000000D+00
           -0.16666666666667D+00 -0.45833333333333D+00  0.00000000000000D+00
           -0.12500000000000D+00 -0.45833333333333D+00  0.00000000000000D+00
           -0.83333333333334D-01 -0.45833333333333D+00  0.00000000000000D+00
           -0.41666666666667D-01 -0.45833333333333D+00  0.00000000000000D+00
            0.00000000000000D+00 -0.41666666666667D+00  0.00000000000000D+00
            0.41666666666667D-01 -0.41666666666667D+00  0.00000000000000D+00
            0.83333333333333D-01 -0.41666666666667D+00  0.00000000000000D+00
            0.12500000000000D+00 -0.41666666666667D+00  0.00000000000000D+00
            0.16666666666667D+00 -0.41666666666667D+00  0.00000000000000D+00
            0.20833333333333D+00 -0.41666666666667D+00  0.00000000000000D+00
            0.25000000000000D+00 -0.41666666666667D+00  0.00000000000000D+00
            0.29166666666667D+00 -0.41666666666667D+00  0.00000000000000D+00
            0.33333333333333D+00 -0.41666666666667D+00  0.00000000000000D+00
            0.37500000000000D+00 -0.41666666666667D+00  0.00000000000000D+00
            0.41666666666667D+00 -0.41666666666667D+00  0.00000000000000D+00
            0.45833333333333D+00 -0.41666666666667D+00  0.00000000000000D+00
            0.50000000000000D+00 -0.41666666666667D+00  0.00000000000000D+00
           -0.45833333333333D+00 -0.41666666666667D+00  0.00000000000000D+00
           -0.41666666666667D+00 -0.41666666666667D+00  0.00000000000000D+00
           -0.37500000000000D+00 -0.41666666666667D+00  0.00000000000000D+00
           -0.33333333333333D+00 -0.41666666666667D+00  0.00000000000000D+00
           -0.29166666666667D+00 -0.41666666666667D+00  0.00000000000000D+00
           -0.25000000000000D+00 -0.41666666666667D+00  0.00000000000000D+00
           -0.20833333333333D+00 -0.41666666666667D+00  0.00000000000000D+00
           -0.16666666666667D+00 -0.41666666666667D+00  0.00000000000000D+00
           -0.12500000000000D+00 -0.41666666666667D+00  0.00000000000000D+00
           -0.83333333333334D-01 -0.41666666666667D+00  0.00000000000000D+00
           -0.41666666666667D-01 -0.41666666666667D+00  0.00000000000000D+00
            0.00000000000000D+00 -0.37500000000000D+00  0.00000000000000D+00
            0.41666666666667D-01 -0.37500000000000D+00  0.00000000000000D+00
            0.83333333333333D-01 -0.37500000000000D+00  0.00000000000000D+00
            0.12500000000000D+00 -0.37500000000000D+00  0.00000000000000D+00
            0.16666666666667D+00 -0.37500000000000D+00  0.00000000000000D+00
            0.20833333333333D+00 -0.37500000000000D+00  0.00000000000000D+00
            0.25000000000000D+00 -0.37500000000000D+00  0.00000000000000D+00
            0.29166666666667D+00 -0.37500000000000D+00  0.00000000000000D+00
            0.33333333333333D+00 -0.37500000000000D+00  0.00000000000000D+00
            0.37500000000000D+00 -0.37500000000000D+00  0.00000000000000D+00
            0.41666666666667D+00 -0.37500000000000D+00  0.00000000000000D+00
            0.45833333333333D+00 -0.37500000000000D+00  0.00000000000000D+00
            0.50000000000000D+00 -0.37500000000000D+00  0.00000000000000D+00
           -0.45833333333333D+00 -0.37500000000000D+00  0.00000000000000D+00
           -0.41666666666667D+00 -0.37500000000000D+00  0.00000000000000D+00
           -0.37500000000000D+00 -0.37500000000000D+00  0.00000000000000D+00
           -0.33333333333333D+00 -0.37500000000000D+00  0.00000000000000D+00
           -0.29166666666667D+00 -0.37500000000000D+00  0.00000000000000D+00
           -0.25000000000000D+00 -0.37500000000000D+00  0.00000000000000D+00
           -0.20833333333333D+00 -0.37500000000000D+00  0.00000000000000D+00
           -0.16666666666667D+00 -0.37500000000000D+00  0.00000000000000D+00
           -0.12500000000000D+00 -0.37500000000000D+00  0.00000000000000D+00
           -0.83333333333334D-01 -0.37500000000000D+00  0.00000000000000D+00
           -0.41666666666667D-01 -0.37500000000000D+00  0.00000000000000D+00
            0.00000000000000D+00 -0.33333333333333D+00  0.00000000000000D+00
            0.41666666666667D-01 -0.33333333333333D+00  0.00000000000000D+00
            0.83333333333333D-01 -0.33333333333333D+00  0.00000000000000D+00
            0.12500000000000D+00 -0.33333333333333D+00  0.00000000000000D+00
            0.16666666666667D+00 -0.33333333333333D+00  0.00000000000000D+00
            0.20833333333333D+00 -0.33333333333333D+00  0.00000000000000D+00
            0.25000000000000D+00 -0.33333333333333D+00  0.00000000000000D+00
            0.29166666666667D+00 -0.33333333333333D+00  0.00000000000000D+00
            0.33333333333333D+00 -0.33333333333333D+00  0.00000000000000D+00
            0.37500000000000D+00 -0.33333333333333D+00  0.00000000000000D+00
            0.41666666666667D+00 -0.33333333333333D+00  0.00000000000000D+00
            0.45833333333333D+00 -0.33333333333333D+00  0.00000000000000D+00
            0.50000000000000D+00 -0.33333333333333D+00  0.00000000000000D+00
           -0.45833333333333D+00 -0.33333333333333D+00  0.00000000000000D+00
           -0.41666666666667D+00 -0.33333333333333D+00  0.00000000000000D+00
           -0.37500000000000D+00 -0.33333333333333D+00  0.00000000000000D+00
           -0.33333333333333D+00 -0.33333333333333D+00  0.00000000000000D+00
           -0.29166666666667D+00 -0.33333333333333D+00  0.00000000000000D+00
           -0.25000000000000D+00 -0.33333333333333D+00  0.00000000000000D+00
           -0.20833333333333D+00 -0.33333333333333D+00  0.00000000000000D+00
           -0.16666666666667D+00 -0.33333333333333D+00  0.00000000000000D+00
           -0.12500000000000D+00 -0.33333333333333D+00  0.00000000000000D+00
           -0.83333333333334D-01 -0.33333333333333D+00  0.00000000000000D+00
           -0.41666666666667D-01 -0.33333333333333D+00  0.00000000000000D+00
            0.00000000000000D+00 -0.29166666666667D+00  0.00000000000000D+00
            0.41666666666667D-01 -0.29166666666667D+00  0.00000000000000D+00
            0.83333333333333D-01 -0.29166666666667D+00  0.00000000000000D+00
            0.12500000000000D+00 -0.29166666666667D+00  0.00000000000000D+00
            0.16666666666667D+00 -0.29166666666667D+00  0.00000000000000D+00
            0.20833333333333D+00 -0.29166666666667D+00  0.00000000000000D+00
            0.25000000000000D+00 -0.29166666666667D+00  0.00000000000000D+00
            0.29166666666667D+00 -0.29166666666667D+00  0.00000000000000D+00
            0.33333333333333D+00 -0.29166666666667D+00  0.00000000000000D+00
            0.37500000000000D+00 -0.29166666666667D+00  0.00000000000000D+00
            0.41666666666667D+00 -0.29166666666667D+00  0.00000000000000D+00
            0.45833333333333D+00 -0.29166666666667D+00  0.00000000000000D+00
            0.50000000000000D+00 -0.29166666666667D+00  0.00000000000000D+00
           -0.45833333333333D+00 -0.29166666666667D+00  0.00000000000000D+00
           -0.41666666666667D+00 -0.29166666666667D+00  0.00000000000000D+00
           -0.37500000000000D+00 -0.29166666666667D+00  0.00000000000000D+00
           -0.33333333333333D+00 -0.29166666666667D+00  0.00000000000000D+00
           -0.29166666666667D+00 -0.29166666666667D+00  0.00000000000000D+00
           -0.25000000000000D+00 -0.29166666666667D+00  0.00000000000000D+00
           -0.20833333333333D+00 -0.29166666666667D+00  0.00000000000000D+00
           -0.16666666666667D+00 -0.29166666666667D+00  0.00000000000000D+00
           -0.12500000000000D+00 -0.29166666666667D+00  0.00000000000000D+00
           -0.83333333333334D-01 -0.29166666666667D+00  0.00000000000000D+00
           -0.41666666666667D-01 -0.29166666666667D+00  0.00000000000000D+00
            0.00000000000000D+00 -0.25000000000000D+00  0.00000000000000D+00
            0.41666666666667D-01 -0.25000000000000D+00  0.00000000000000D+00
            0.83333333333333D-01 -0.25000000000000D+00  0.00000000000000D+00
            0.12500000000000D+00 -0.25000000000000D+00  0.00000000000000D+00
            0.16666666666667D+00 -0.25000000000000D+00  0.00000000000000D+00
            0.20833333333333D+00 -0.25000000000000D+00  0.00000000000000D+00
            0.25000000000000D+00 -0.25000000000000D+00  0.00000000000000D+00
            0.29166666666667D+00 -0.25000000000000D+00  0.00000000000000D+00
            0.33333333333333D+00 -0.25000000000000D+00  0.00000000000000D+00
            0.37500000000000D+00 -0.25000000000000D+00  0.00000000000000D+00
            0.41666666666667D+00 -0.25000000000000D+00  0.00000000000000D+00
            0.45833333333333D+00 -0.25000000000000D+00  0.00000000000000D+00
            0.50000000000000D+00 -0.25000000000000D+00  0.00000000000000D+00
           -0.45833333333333D+00 -0.25000000000000D+00  0.00000000000000D+00
           -0.41666666666667D+00 -0.25000000000000D+00  0.00000000000000D+00
           -0.37500000000000D+00 -0.25000000000000D+00  0.00000000000000D+00
           -0.33333333333333D+00 -0.25000000000000D+00  0.00000000000000D+00
           -0.29166666666667D+00 -0.25000000000000D+00  0.00000000000000D+00
           -0.25000000000000D+00 -0.25000000000000D+00  0.00000000000000D+00
           -0.20833333333333D+00 -0.25000000000000D+00  0.00000000000000D+00
           -0.16666666666667D+00 -0.25000000000000D+00  0.00000000000000D+00
           -0.12500000000000D+00 -0.25000000000000D+00  0.00000000000000D+00
           -0.83333333333334D-01 -0.25000000000000D+00  0.00000000000000D+00
           -0.41666666666667D-01 -0.25000000000000D+00  0.00000000000000D+00
            0.00000000000000D+00 -0.20833333333333D+00  0.00000000000000D+00
            0.41666666666667D-01 -0.20833333333333D+00  0.00000000000000D+00
            0.83333333333333D-01 -0.20833333333333D+00  0.00000000000000D+00
            0.12500000000000D+00 -0.20833333333333D+00  0.00000000000000D+00
            0.16666666666667D+00 -0.20833333333333D+00  0.00000000000000D+00
            0.20833333333333D+00 -0.20833333333333D+00  0.00000000000000D+00
            0.25000000000000D+00 -0.20833333333333D+00  0.00000000000000D+00
            0.29166666666667D+00 -0.20833333333333D+00  0.00000000000000D+00
            0.33333333333333D+00 -0.20833333333333D+00  0.00000000000000D+00
            0.37500000000000D+00 -0.20833333333333D+00  0.00000000000000D+00
            0.41666666666667D+00 -0.20833333333333D+00  0.00000000000000D+00
            0.45833333333333D+00 -0.20833333333333D+00  0.00000000000000D+00
            0.50000000000000D+00 -0.20833333333333D+00  0.00000000000000D+00
           -0.45833333333333D+00 -0.20833333333333D+00  0.00000000000000D+00
           -0.41666666666667D+00 -0.20833333333333D+00  0.00000000000000D+00
           -0.37500000000000D+00 -0.20833333333333D+00  0.00000000000000D+00
           -0.33333333333333D+00 -0.20833333333333D+00  0.00000000000000D+00
           -0.29166666666667D+00 -0.20833333333333D+00  0.00000000000000D+00
           -0.25000000000000D+00 -0.20833333333333D+00  0.00000000000000D+00
           -0.20833333333333D+00 -0.20833333333333D+00  0.00000000000000D+00
           -0.16666666666667D+00 -0.20833333333333D+00  0.00000000000000D+00
           -0.12500000000000D+00 -0.20833333333333D+00  0.00000000000000D+00
           -0.83333333333334D-01 -0.20833333333333D+00  0.00000000000000D+00
           -0.41666666666667D-01 -0.20833333333333D+00  0.00000000000000D+00
            0.00000000000000D+00 -0.16666666666667D+00  0.00000000000000D+00
            0.41666666666667D-01 -0.16666666666667D+00  0.00000000000000D+00
            0.83333333333333D-01 -0.16666666666667D+00  0.00000000000000D+00
            0.12500000000000D+00 -0.16666666666667D+00  0.00000000000000D+00
            0.16666666666667D+00 -0.16666666666667D+00  0.00000000000000D+00
            0.20833333333333D+00 -0.16666666666667D+00  0.00000000000000D+00
            0.25000000000000D+00 -0.16666666666667D+00  0.00000000000000D+00
            0.29166666666667D+00 -0.16666666666667D+00  0.00000000000000D+00
            0.33333333333333D+00 -0.16666666666667D+00  0.00000000000000D+00
            0.37500000000000D+00 -0.16666666666667D+00  0.00000000000000D+00
            0.41666666666667D+00 -0.16666666666667D+00  0.00000000000000D+00
            0.45833333333333D+00 -0.16666666666667D+00  0.00000000000000D+00
            0.50000000000000D+00 -0.16666666666667D+00  0.00000000000000D+00
           -0.45833333333333D+00 -0.16666666666667D+00  0.00000000000000D+00
           -0.41666666666667D+00 -0.16666666666667D+00  0.00000000000000D+00
           -0.37500000000000D+00 -0.16666666666667D+00  0.00000000000000D+00
           -0.33333333333333D+00 -0.16666666666667D+00  0.00000000000000D+00
           -0.29166666666667D+00 -0.16666666666667D+00  0.00000000000000D+00
           -0.25000000000000D+00 -0.16666666666667D+00  0.00000000000000D+00
           -0.20833333333333D+00 -0.16666666666667D+00  0.00000000000000D+00
           -0.16666666666667D+00 -0.16666666666667D+00  0.00000000000000D+00
           -0.12500000000000D+00 -0.16666666666667D+00  0.00000000000000D+00
           -0.83333333333334D-01 -0.16666666666667D+00  0.00000000000000D+00
           -0.41666666666667D-01 -0.16666666666667D+00  0.00000000000000D+00
            0.00000000000000D+00 -0.12500000000000D+00  0.00000000000000D+00
            0.41666666666667D-01 -0.12500000000000D+00  0.00000000000000D+00
            0.83333333333333D-01 -0.12500000000000D+00  0.00000000000000D+00
            0.12500000000000D+00 -0.12500000000000D+00  0.00000000000000D+00
            0.16666666666667D+00 -0.12500000000000D+00  0.00000000000000D+00
            0.20833333333333D+00 -0.12500000000000D+00  0.00000000000000D+00
            0.25000000000000D+00 -0.12500000000000D+00  0.00000000000000D+00
            0.29166666666667D+00 -0.12500000000000D+00  0.00000000000000D+00
            0.33333333333333D+00 -0.12500000000000D+00  0.00000000000000D+00
            0.37500000000000D+00 -0.12500000000000D+00  0.00000000000000D+00
            0.41666666666667D+00 -0.12500000000000D+00  0.00000000000000D+00
            0.45833333333333D+00 -0.12500000000000D+00  0.00000000000000D+00
            0.50000000000000D+00 -0.12500000000000D+00  0.00000000000000D+00
           -0.45833333333333D+00 -0.12500000000000D+00  0.00000000000000D+00
           -0.41666666666667D+00 -0.12500000000000D+00  0.00000000000000D+00
           -0.37500000000000D+00 -0.12500000000000D+00  0.00000000000000D+00
           -0.33333333333333D+00 -0.12500000000000D+00  0.00000000000000D+00
           -0.29166666666667D+00 -0.12500000000000D+00  0.00000000000000D+00
           -0.25000000000000D+00 -0.12500000000000D+00  0.00000000000000D+00
           -0.20833333333333D+00 -0.12500000000000D+00  0.00000000000000D+00
           -0.16666666666667D+00 -0.12500000000000D+00  0.00000000000000D+00
           -0.12500000000000D+00 -0.12500000000000D+00  0.00000000000000D+00
           -0.83333333333334D-01 -0.12500000000000D+00  0.00000000000000D+00
           -0.41666666666667D-01 -0.12500000000000D+00  0.00000000000000D+00
            0.00000000000000D+00 -0.83333333333334D-01  0.00000000000000D+00
            0.41666666666667D-01 -0.83333333333334D-01  0.00000000000000D+00
            0.83333333333333D-01 -0.83333333333334D-01  0.00000000000000D+00
            0.12500000000000D+00 -0.83333333333334D-01  0.00000000000000D+00
            0.16666666666667D+00 -0.83333333333334D-01  0.00000000000000D+00
            0.20833333333333D+00 -0.83333333333334D-01  0.00000000000000D+00
            0.25000000000000D+00 -0.83333333333334D-01  0.00000000000000D+00
            0.29166666666667D+00 -0.83333333333334D-01  0.00000000000000D+00
            0.33333333333333D+00 -0.83333333333334D-01  0.00000000000000D+00
            0.37500000000000D+00 -0.83333333333334D-01  0.00000000000000D+00
            0.41666666666667D+00 -0.83333333333334D-01  0.00000000000000D+00
            0.45833333333333D+00 -0.83333333333334D-01  0.00000000000000D+00
            0.50000000000000D+00 -0.83333333333334D-01  0.00000000000000D+00
           -0.45833333333333D+00 -0.83333333333334D-01  0.00000000000000D+00
           -0.41666666666667D+00 -0.83333333333334D-01  0.00000000000000D+00
           -0.37500000000000D+00 -0.83333333333334D-01  0.00000000000000D+00
           -0.33333333333333D+00 -0.83333333333334D-01  0.00000000000000D+00
           -0.29166666666667D+00 -0.83333333333334D-01  0.00000000000000D+00
           -0.25000000000000D+00 -0.83333333333334D-01  0.00000000000000D+00
           -0.20833333333333D+00 -0.83333333333334D-01  0.00000000000000D+00
           -0.16666666666667D+00 -0.83333333333334D-01  0.00000000000000D+00
           -0.12500000000000D+00 -0.83333333333334D-01  0.00000000000000D+00
           -0.83333333333334D-01 -0.83333333333334D-01  0.00000000000000D+00
           -0.41666666666667D-01 -0.83333333333334D-01  0.00000000000000D+00
            0.00000000000000D+00 -0.41666666666667D-01  0.00000000000000D+00
            0.41666666666667D-01 -0.41666666666667D-01  0.00000000000000D+00
            0.83333333333333D-01 -0.41666666666667D-01  0.00000000000000D+00
            0.12500000000000D+00 -0.41666666666667D-01  0.00000000000000D+00
            0.16666666666667D+00 -0.41666666666667D-01  0.00000000000000D+00
            0.20833333333333D+00 -0.41666666666667D-01  0.00000000000000D+00
            0.25000000000000D+00 -0.41666666666667D-01  0.00000000000000D+00
            0.29166666666667D+00 -0.41666666666667D-01  0.00000000000000D+00
            0.33333333333333D+00 -0.41666666666667D-01  0.00000000000000D+00
            0.37500000000000D+00 -0.41666666666667D-01  0.00000000000000D+00
            0.41666666666667D+00 -0.41666666666667D-01  0.00000000000000D+00
            0.45833333333333D+00 -0.41666666666667D-01  0.00000000000000D+00
            0.50000000000000D+00 -0.41666666666667D-01  0.00000000000000D+00
           -0.45833333333333D+00 -0.41666666666667D-01  0.00000000000000D+00
           -0.41666666666667D+00 -0.41666666666667D-01  0.00000000000000D+00
           -0.37500000000000D+00 -0.41666666666667D-01  0.00000000000000D+00
           -0.33333333333333D+00 -0.41666666666667D-01  0.00000000000000D+00
           -0.29166666666667D+00 -0.41666666666667D-01  0.00000000000000D+00
           -0.25000000000000D+00 -0.41666666666667D-01  0.00000000000000D+00
           -0.20833333333333D+00 -0.41666666666667D-01  0.00000000000000D+00
           -0.16666666666667D+00 -0.41666666666667D-01  0.00000000000000D+00
           -0.12500000000000D+00 -0.41666666666667D-01  0.00000000000000D+00
           -0.83333333333334D-01 -0.41666666666667D-01  0.00000000000000D+00
           -0.41666666666667D-01 -0.41666666666667D-01  0.00000000000000D+00
    kptnrm  0.10000000000000D+01
     ngfft        30   30   72
    nspden         1
   nspinor         1
       occ  0.20000000000000D+01  0.20000000000000D+01  0.20000000000000D+01
            0.20000000000000D+01  0.00000000000000D+00  0.00000000000000D+00
            0.00000000000000D+00  0.00000000000000D+00  0.00000000000000D+00
            0.00000000000000D+00
     rprim  0.10000000000000D+01  0.00000000000000D+00  0.00000000000000D+00
            0.50000000000000D+00  0.86602540378000D+00  0.00000000000000D+00
            0.00000000000000D+00  0.00000000000000D+00  0.10000000000000D+01
  dfpt_sciss  0.00000000000000D+00
    spinat  0.00000000000000D+00  0.00000000000000D+00  0.00000000000000D+00
            0.00000000000000D+00  0.00000000000000D+00  0.00000000000000D+00
    symafm         1    1    1    1    1    1    1    1    1    1    1    1
                   1    1    1    1    1    1    1    1    1    1    1    1
    symrel         1    0    0    0    1    0    0    0    1
                  -1    0    0    0   -1    0    0    0   -1
                  -1    1    0    0    1    0    0    0    1
                   1   -1    0    0   -1    0    0    0   -1
                   0    1    0   -1    1    0    0    0    1
                   0   -1    0    1   -1    0    0    0   -1
                  -1    0    0   -1    1    0    0    0    1
                   1    0    0    1   -1    0    0    0   -1
                  -1    1    0   -1    0    0    0    0    1
                   1   -1    0    1    0    0    0    0   -1
                   0   -1    0   -1    0    0    0    0    1
                   0    1    0    1    0    0    0    0   -1
                  -1    0    0    0   -1    0    0    0    1
                   1    0    0    0    1    0    0    0   -1
                   1   -1    0    0   -1    0    0    0    1
                  -1    1    0    0    1    0    0    0   -1
                   0   -1    0    1   -1    0    0    0    1
                   0    1    0   -1    1    0    0    0   -1
                   1    0    0    1   -1    0    0    0    1
                  -1    0    0   -1    1    0    0    0   -1
                   1   -1    0    1    0    0    0    0    1
                  -1    1    0   -1    0    0    0    0   -1
                   0    1    0    1    0    0    0    0    1
                   0   -1    0   -1    0    0    0    0   -1
     tnons  0.00000000000000D+00  0.00000000000000D+00  0.00000000000000D+00
            0.33333333333000D+00  0.33333333333000D+00  0.22204460492503D-15
            0.33333333333000D+00  0.33333333333000D+00  0.00000000000000D+00
            0.00000000000000D+00  0.00000000000000D+00  0.22204460492503D-15
            0.33333333333000D+00  0.33333333333000D+00  0.00000000000000D+00
            0.00000000000000D+00  0.00000000000000D+00  0.22204460492503D-15
            0.00000000000000D+00  0.00000000000000D+00  0.00000000000000D+00
            0.33333333333000D+00  0.33333333333000D+00  0.22204460492503D-15
            0.00000000000000D+00  0.00000000000000D+00  0.00000000000000D+00
            0.33333333333000D+00  0.33333333333000D+00  0.22204460492503D-15
            0.33333333333000D+00  0.33333333333000D+00  0.00000000000000D+00
            0.00000000000000D+00  0.00000000000000D+00  0.22204460492503D-15
            0.33333333333000D+00  0.33333333333000D+00  0.00000000000000D+00
            0.00000000000000D+00  0.00000000000000D+00  0.22204460492503D-15
            0.00000000000000D+00  0.00000000000000D+00  0.00000000000000D+00
            0.33333333333000D+00  0.33333333333000D+00  0.22204460492503D-15
            0.00000000000000D+00  0.00000000000000D+00  0.00000000000000D+00
            0.33333333333000D+00  0.33333333333000D+00  0.22204460492503D-15
            0.33333333333000D+00  0.33333333333000D+00  0.00000000000000D+00
            0.00000000000000D+00  0.00000000000000D+00  0.22204460492503D-15
            0.33333333333000D+00  0.33333333333000D+00  0.00000000000000D+00
            0.00000000000000D+00  0.00000000000000D+00  0.22204460492503D-15
            0.00000000000000D+00  0.00000000000000D+00  0.00000000000000D+00
            0.33333333333000D+00  0.33333333333000D+00  0.22204460492503D-15
    tolwfr  0.10000000000000D+01
   tphysel  0.00000000000000D+00
    tsmear  0.95004462591856D-03
     typat         1    1
       wtk  0.17361111111111D-02  0.17361111111111D-02  0.17361111111111D-02
            0.17361111111111D-02  0.17361111111111D-02  0.17361111111111D-02
            0.17361111111111D-02  0.17361111111111D-02  0.17361111111111D-02
            0.17361111111111D-02  0.17361111111111D-02  0.17361111111111D-02
            0.17361111111111D-02  0.17361111111111D-02  0.17361111111111D-02
            0.17361111111111D-02  0.17361111111111D-02  0.17361111111111D-02
            0.17361111111111D-02  0.17361111111111D-02  0.17361111111111D-02
            0.17361111111111D-02  0.17361111111111D-02  0.17361111111111D-02
            0.17361111111111D-02  0.17361111111111D-02  0.17361111111111D-02
            0.17361111111111D-02  0.17361111111111D-02  0.17361111111111D-02
            0.17361111111111D-02  0.17361111111111D-02  0.17361111111111D-02
            0.17361111111111D-02  0.17361111111111D-02  0.17361111111111D-02
            0.17361111111111D-02  0.17361111111111D-02  0.17361111111111D-02
            0.17361111111111D-02  0.17361111111111D-02  0.17361111111111D-02
            0.17361111111111D-02  0.17361111111111D-02  0.17361111111111D-02
            0.17361111111111D-02  0.17361111111111D-02  0.17361111111111D-02
            0.17361111111111D-02  0.17361111111111D-02  0.17361111111111D-02
            0.17361111111111D-02  0.17361111111111D-02  0.17361111111111D-02
            0.17361111111111D-02  0.17361111111111D-02  0.17361111111111D-02
            0.17361111111111D-02  0.17361111111111D-02  0.17361111111111D-02
            0.17361111111111D-02  0.17361111111111D-02  0.17361111111111D-02
            0.17361111111111D-02  0.17361111111111D-02  0.17361111111111D-02
            0.17361111111111D-02  0.17361111111111D-02  0.17361111111111D-02
            0.17361111111111D-02  0.17361111111111D-02  0.17361111111111D-02
            0.17361111111111D-02  0.17361111111111D-02  0.17361111111111D-02
            0.17361111111111D-02  0.17361111111111D-02  0.17361111111111D-02
            0.17361111111111D-02  0.17361111111111D-02  0.17361111111111D-02
            0.17361111111111D-02  0.17361111111111D-02  0.17361111111111D-02
            0.17361111111111D-02  0.17361111111111D-02  0.17361111111111D-02
            0.17361111111111D-02  0.17361111111111D-02  0.17361111111111D-02
            0.17361111111111D-02  0.17361111111111D-02  0.17361111111111D-02
            0.17361111111111D-02  0.17361111111111D-02  0.17361111111111D-02
            0.17361111111111D-02  0.17361111111111D-02  0.17361111111111D-02
            0.17361111111111D-02  0.17361111111111D-02  0.17361111111111D-02
            0.17361111111111D-02  0.17361111111111D-02  0.17361111111111D-02
            0.17361111111111D-02  0.17361111111111D-02  0.17361111111111D-02
            0.17361111111111D-02  0.17361111111111D-02  0.17361111111111D-02
            0.17361111111111D-02  0.17361111111111D-02  0.17361111111111D-02
            0.17361111111111D-02  0.17361111111111D-02  0.17361111111111D-02
            0.17361111111111D-02  0.17361111111111D-02  0.17361111111111D-02
            0.17361111111111D-02  0.17361111111111D-02  0.17361111111111D-02
            0.17361111111111D-02  0.17361111111111D-02  0.17361111111111D-02
            0.17361111111111D-02  0.17361111111111D-02  0.17361111111111D-02
            0.17361111111111D-02  0.17361111111111D-02  0.17361111111111D-02
            0.17361111111111D-02  0.17361111111111D-02  0.17361111111111D-02
            0.17361111111111D-02  0.17361111111111D-02  0.17361111111111D-02
            0.17361111111111D-02  0.17361111111111D-02  0.17361111111111D-02
            0.17361111111111D-02  0.17361111111111D-02  0.17361111111111D-02
            0.17361111111111D-02  0.17361111111111D-02  0.17361111111111D-02
            0.17361111111111D-02  0.17361111111111D-02  0.17361111111111D-02
            0.17361111111111D-02  0.17361111111111D-02  0.17361111111111D-02
            0.17361111111111D-02  0.17361111111111D-02  0.17361111111111D-02
            0.17361111111111D-02  0.17361111111111D-02  0.17361111111111D-02
            0.17361111111111D-02  0.17361111111111D-02  0.17361111111111D-02
            0.17361111111111D-02  0.17361111111111D-02  0.17361111111111D-02
            0.17361111111111D-02  0.17361111111111D-02  0.17361111111111D-02
            0.17361111111111D-02  0.17361111111111D-02  0.17361111111111D-02
            0.17361111111111D-02  0.17361111111111D-02  0.17361111111111D-02
            0.17361111111111D-02  0.17361111111111D-02  0.17361111111111D-02
            0.17361111111111D-02  0.17361111111111D-02  0.17361111111111D-02
            0.17361111111111D-02  0.17361111111111D-02  0.17361111111111D-02
            0.17361111111111D-02  0.17361111111111D-02  0.17361111111111D-02
            0.17361111111111D-02  0.17361111111111D-02  0.17361111111111D-02
            0.17361111111111D-02  0.17361111111111D-02  0.17361111111111D-02
            0.17361111111111D-02  0.17361111111111D-02  0.17361111111111D-02
            0.17361111111111D-02  0.17361111111111D-02  0.17361111111111D-02
            0.17361111111111D-02  0.17361111111111D-02  0.17361111111111D-02
            0.17361111111111D-02  0.17361111111111D-02  0.17361111111111D-02
            0.17361111111111D-02  0.17361111111111D-02  0.17361111111111D-02
            0.17361111111111D-02  0.17361111111111D-02  0.17361111111111D-02
            0.17361111111111D-02  0.17361111111111D-02  0.17361111111111D-02
            0.17361111111111D-02  0.17361111111111D-02  0.17361111111111D-02
            0.17361111111111D-02  0.17361111111111D-02  0.17361111111111D-02
            0.17361111111111D-02  0.17361111111111D-02  0.17361111111111D-02
            0.17361111111111D-02  0.17361111111111D-02  0.17361111111111D-02
            0.17361111111111D-02  0.17361111111111D-02  0.17361111111111D-02
            0.17361111111111D-02  0.17361111111111D-02  0.17361111111111D-02
            0.17361111111111D-02  0.17361111111111D-02  0.17361111111111D-02
            0.17361111111111D-02  0.17361111111111D-02  0.17361111111111D-02
            0.17361111111111D-02  0.17361111111111D-02  0.17361111111111D-02
            0.17361111111111D-02  0.17361111111111D-02  0.17361111111111D-02
            0.17361111111111D-02  0.17361111111111D-02  0.17361111111111D-02
            0.17361111111111D-02  0.17361111111111D-02  0.17361111111111D-02
            0.17361111111111D-02  0.17361111111111D-02  0.17361111111111D-02
            0.17361111111111D-02  0.17361111111111D-02  0.17361111111111D-02
            0.17361111111111D-02  0.17361111111111D-02  0.17361111111111D-02
            0.17361111111111D-02  0.17361111111111D-02  0.17361111111111D-02
            0.17361111111111D-02  0.17361111111111D-02  0.17361111111111D-02
            0.17361111111111D-02  0.17361111111111D-02  0.17361111111111D-02
            0.17361111111111D-02  0.17361111111111D-02  0.17361111111111D-02
            0.17361111111111D-02  0.17361111111111D-02  0.17361111111111D-02
            0.17361111111111D-02  0.17361111111111D-02  0.17361111111111D-02
            0.17361111111111D-02  0.17361111111111D-02  0.17361111111111D-02
            0.17361111111111D-02  0.17361111111111D-02  0.17361111111111D-02
            0.17361111111111D-02  0.17361111111111D-02  0.17361111111111D-02
            0.17361111111111D-02  0.17361111111111D-02  0.17361111111111D-02
            0.17361111111111D-02  0.17361111111111D-02  0.17361111111111D-02
            0.17361111111111D-02  0.17361111111111D-02  0.17361111111111D-02
            0.17361111111111D-02  0.17361111111111D-02  0.17361111111111D-02
            0.17361111111111D-02  0.17361111111111D-02  0.17361111111111D-02
            0.17361111111111D-02  0.17361111111111D-02  0.17361111111111D-02
            0.17361111111111D-02  0.17361111111111D-02  0.17361111111111D-02
            0.17361111111111D-02  0.17361111111111D-02  0.17361111111111D-02
            0.17361111111111D-02  0.17361111111111D-02  0.17361111111111D-02
            0.17361111111111D-02  0.17361111111111D-02  0.17361111111111D-02
            0.17361111111111D-02  0.17361111111111D-02  0.17361111111111D-02
            0.17361111111111D-02  0.17361111111111D-02  0.17361111111111D-02
            0.17361111111111D-02  0.17361111111111D-02  0.17361111111111D-02
            0.17361111111111D-02  0.17361111111111D-02  0.17361111111111D-02
            0.17361111111111D-02  0.17361111111111D-02  0.17361111111111D-02
            0.17361111111111D-02  0.17361111111111D-02  0.17361111111111D-02
            0.17361111111111D-02  0.17361111111111D-02  0.17361111111111D-02
            0.17361111111111D-02  0.17361111111111D-02  0.17361111111111D-02
            0.17361111111111D-02  0.17361111111111D-02  0.17361111111111D-02
            0.17361111111111D-02  0.17361111111111D-02  0.17361111111111D-02
            0.17361111111111D-02  0.17361111111111D-02  0.17361111111111D-02
            0.17361111111111D-02  0.17361111111111D-02  0.17361111111111D-02
            0.17361111111111D-02  0.17361111111111D-02  0.17361111111111D-02
            0.17361111111111D-02  0.17361111111111D-02  0.17361111111111D-02
            0.17361111111111D-02  0.17361111111111D-02  0.17361111111111D-02
            0.17361111111111D-02  0.17361111111111D-02  0.17361111111111D-02
            0.17361111111111D-02  0.17361111111111D-02  0.17361111111111D-02
            0.17361111111111D-02  0.17361111111111D-02  0.17361111111111D-02
            0.17361111111111D-02  0.17361111111111D-02  0.17361111111111D-02
            0.17361111111111D-02  0.17361111111111D-02  0.17361111111111D-02
            0.17361111111111D-02  0.17361111111111D-02  0.17361111111111D-02
            0.17361111111111D-02  0.17361111111111D-02  0.17361111111111D-02
            0.17361111111111D-02  0.17361111111111D-02  0.17361111111111D-02
            0.17361111111111D-02  0.17361111111111D-02  0.17361111111111D-02
            0.17361111111111D-02  0.17361111111111D-02  0.17361111111111D-02
            0.17361111111111D-02  0.17361111111111D-02  0.17361111111111D-02
            0.17361111111111D-02  0.17361111111111D-02  0.17361111111111D-02
            0.17361111111111D-02  0.17361111111111D-02  0.17361111111111D-02
            0.17361111111111D-02  0.17361111111111D-02  0.17361111111111D-02
            0.17361111111111D-02  0.17361111111111D-02  0.17361111111111D-02
            0.17361111111111D-02  0.17361111111111D-02  0.17361111111111D-02
            0.17361111111111D-02  0.17361111111111D-02  0.17361111111111D-02
            0.17361111111111D-02  0.17361111111111D-02  0.17361111111111D-02
            0.17361111111111D-02  0.17361111111111D-02  0.17361111111111D-02
            0.17361111111111D-02  0.17361111111111D-02  0.17361111111111D-02
            0.17361111111111D-02  0.17361111111111D-02  0.17361111111111D-02
            0.17361111111111D-02  0.17361111111111D-02  0.17361111111111D-02
            0.17361111111111D-02  0.17361111111111D-02  0.17361111111111D-02
            0.17361111111111D-02  0.17361111111111D-02  0.17361111111111D-02
            0.17361111111111D-02  0.17361111111111D-02  0.17361111111111D-02
            0.17361111111111D-02  0.17361111111111D-02  0.17361111111111D-02
            0.17361111111111D-02  0.17361111111111D-02  0.17361111111111D-02
            0.17361111111111D-02  0.17361111111111D-02  0.17361111111111D-02
            0.17361111111111D-02  0.17361111111111D-02  0.17361111111111D-02
            0.17361111111111D-02  0.17361111111111D-02  0.17361111111111D-02
            0.17361111111111D-02  0.17361111111111D-02  0.17361111111111D-02
            0.17361111111111D-02  0.17361111111111D-02  0.17361111111111D-02
            0.17361111111111D-02  0.17361111111111D-02  0.17361111111111D-02
            0.17361111111111D-02  0.17361111111111D-02  0.17361111111111D-02
            0.17361111111111D-02  0.17361111111111D-02  0.17361111111111D-02
            0.17361111111111D-02  0.17361111111111D-02  0.17361111111111D-02
            0.17361111111111D-02  0.17361111111111D-02  0.17361111111111D-02
            0.17361111111111D-02  0.17361111111111D-02  0.17361111111111D-02
            0.17361111111111D-02  0.17361111111111D-02  0.17361111111111D-02
            0.17361111111111D-02  0.17361111111111D-02  0.17361111111111D-02
            0.17361111111111D-02  0.17361111111111D-02  0.17361111111111D-02
            0.17361111111111D-02  0.17361111111111D-02  0.17361111111111D-02
            0.17361111111111D-02  0.17361111111111D-02  0.17361111111111D-02
            0.17361111111111D-02  0.17361111111111D-02  0.17361111111111D-02
            0.17361111111111D-02  0.17361111111111D-02  0.17361111111111D-02
            0.17361111111111D-02  0.17361111111111D-02  0.17361111111111D-02
            0.17361111111111D-02  0.17361111111111D-02  0.17361111111111D-02
            0.17361111111111D-02  0.17361111111111D-02  0.17361111111111D-02
            0.17361111111111D-02  0.17361111111111D-02  0.17361111111111D-02
            0.17361111111111D-02  0.17361111111111D-02  0.17361111111111D-02
            0.17361111111111D-02  0.17361111111111D-02  0.17361111111111D-02
            0.17361111111111D-02  0.17361111111111D-02  0.17361111111111D-02
            0.17361111111111D-02  0.17361111111111D-02  0.17361111111111D-02
            0.17361111111111D-02  0.17361111111111D-02  0.17361111111111D-02
            0.17361111111111D-02  0.17361111111111D-02  0.17361111111111D-02
            0.17361111111111D-02  0.17361111111111D-02  0.17361111111111D-02
            0.17361111111111D-02  0.17361111111111D-02  0.17361111111111D-02
            0.17361111111111D-02  0.17361111111111D-02  0.17361111111111D-02
            0.17361111111111D-02  0.17361111111111D-02  0.17361111111111D-02
            0.17361111111111D-02  0.17361111111111D-02  0.17361111111111D-02
            0.17361111111111D-02  0.17361111111111D-02  0.17361111111111D-02
            0.17361111111111D-02  0.17361111111111D-02  0.17361111111111D-02
            0.17361111111111D-02  0.17361111111111D-02  0.17361111111111D-02
            0.17361111111111D-02  0.17361111111111D-02  0.17361111111111D-02
            0.17361111111111D-02  0.17361111111111D-02  0.17361111111111D-02
            0.17361111111111D-02  0.17361111111111D-02  0.17361111111111D-02
            0.17361111111111D-02  0.17361111111111D-02  0.17361111111111D-02
            0.17361111111111D-02  0.17361111111111D-02  0.17361111111111D-02
            0.17361111111111D-02  0.17361111111111D-02  0.17361111111111D-02
            0.17361111111111D-02  0.17361111111111D-02  0.17361111111111D-02
            0.17361111111111D-02  0.17361111111111D-02  0.17361111111111D-02
            0.17361111111111D-02  0.17361111111111D-02  0.17361111111111D-02
      xred -0.16666853082844D-11 -0.16666853082844D-11  0.50000000000000D+00
            0.33333333333167D+00  0.33333333333167D+00  0.50000000000000D+00
     znucl  0.60000000000000D+01
      zion  0.40000000000000D+01
 
  Description of the potentials (KB energies)
  vrsio8 (for pseudopotentials)=100401
  usepaw =  0
  dimekb =  4       lmnmax=  4
  Atom type=    1   pspso=  0   nekb=   4
  iln lpsang iproj  ekb(:)
     1     0     1     6.4815482E+00  0.0000000E+00  0.0000000E+00  0.0000000E+00
     2     0     2     0.0000000E+00  3.8550364E-01  0.0000000E+00  0.0000000E+00
     3     1     1     0.0000000E+00  0.0000000E+00 -4.1999614E+00  0.0000000E+00
     4     1     2     0.0000000E+00  0.0000000E+00  0.0000000E+00 -8.7751666E-01
 
 **** Database of total energy derivatives ****
 Number of data blocks=    9
  
 2nd derivatives (non-stat.)  - # elements :      64
 qpt  0.00000000E+00  0.00000000E+00  0.00000000E+00   1.0
   1   1   1   1  0.10860889534401D+02  0.00000000000000D+00
   2   1   1   1  0.54304447672007D+01  0.00000000000000D+00
   3   1   1   1  0.10713937078323D-15  0.00000000000000D+00
   1   2   1   1 -0.10861150221172D+02  0.81750549122424D-18
   2   2   1   1 -0.54305751105860D+01  0.89129085593946D-17
   3   2   1   1 -0.10713937078324D-15 -0.14260076545517D-17
   2   4   1   1  0.00000000000000D+00  0.00000000000000D+00
   3   4   1   1  0.00000000000000D+00  0.00000000000000D+00
   1   1   2   1  0.54304447672007D+01  0.00000000000000D+00
   2   1   2   1  0.10860889534325D+02  0.00000000000000D+00
   3   1   2   1  0.10502141353798D-15  0.00000000000000D+00
   1   2   2   1 -0.54305751105860D+01  0.89129085593946D-17
   2   2   2   1 -0.10861150221096D+02  0.15580521395343D-17
   3   2   2   1 -0.10502141353794D-15  0.49695217131638D-18
   1   4   2   1  0.00000000000000D+00  0.00000000000000D+00
   3   4   2   1  0.00000000000000D+00  0.00000000000000D+00
   1   1   3   1  0.10713937078316D-15  0.00000000000000D+00
   2   1   3   1  0.10502141353805D-15  0.00000000000000D+00
   3   1   3   1  0.22559647819848D+02  0.00000000000000D+00
   1   2   3   1 -0.10713937078324D-15 -0.14260076545517D-17
   2   2   3   1 -0.10502141353794D-15  0.49695217131638D-18
   3   2   3   1 -0.22489875456368D+02 -0.25087996648375D-18
   1   4   3   1  0.00000000000000D+00  0.00000000000000D+00
   2   4   3   1  0.00000000000000D+00  0.00000000000000D+00
   1   1   1   2 -0.10861150221172D+02 -0.81750549122424D-18
   2   1   1   2 -0.54305751105860D+01 -0.89129085593946D-17
   3   1   1   2 -0.10713937078324D-15  0.14260076545517D-17
   1   2   1   2  0.10860889534401D+02  0.00000000000000D+00
   2   2   1   2  0.54304447672007D+01  0.00000000000000D+00
   3   2   1   2  0.10713937078330D-15  0.00000000000000D+00
   2   4   1   2  0.00000000000000D+00  0.00000000000000D+00
   3   4   1   2  0.00000000000000D+00  0.00000000000000D+00
   1   1   2   2 -0.54305751105860D+01 -0.89129085593946D-17
   2   1   2   2 -0.10861150221096D+02 -0.15580521395343D-17
   3   1   2   2 -0.10502141353794D-15 -0.49695217131638D-18
   1   2   2   2  0.54304447672007D+01  0.00000000000000D+00
   2   2   2   2  0.10860889534325D+02  0.00000000000000D+00
   3   2   2   2  0.10502141353791D-15  0.00000000000000D+00
   1   4   2   2  0.00000000000000D+00  0.00000000000000D+00
   3   4   2   2  0.00000000000000D+00  0.00000000000000D+00
   1   1   3   2 -0.10713937078324D-15  0.14260076545517D-17
   2   1   3   2 -0.10502141353794D-15 -0.49695217131638D-18
   3   1   3   2 -0.22489875456368D+02  0.25087996648375D-18
   1   2   3   2  0.10713937078316D-15  0.00000000000000D+00
   2   2   3   2  0.10502141353805D-15  0.00000000000000D+00
   3   2   3   2  0.22559647819848D+02  0.00000000000000D+00
   1   4   3   2  0.00000000000000D+00  0.00000000000000D+00
   2   4   3   2  0.00000000000000D+00  0.00000000000000D+00
   2   1   1   4  0.00000000000000D+00  0.00000000000000D+00
   3   1   1   4  0.00000000000000D+00  0.00000000000000D+00
   2   2   1   4  0.00000000000000D+00  0.00000000000000D+00
   3   2   1   4  0.00000000000000D+00  0.00000000000000D+00
   3   4   1   4  0.00000000000000D+00  0.00000000000000D+00
   1   1   2   4  0.00000000000000D+00  0.00000000000000D+00
   3   1   2   4  0.00000000000000D+00  0.00000000000000D+00
   1   2   2   4  0.00000000000000D+00  0.00000000000000D+00
   3   2   2   4  0.00000000000000D+00  0.00000000000000D+00
   3   4   2   4  0.00000000000000D+00  0.00000000000000D+00
   1   1   3   4  0.00000000000000D+00  0.00000000000000D+00
   2   1   3   4  0.00000000000000D+00  0.00000000000000D+00
   1   2   3   4  0.00000000000000D+00  0.00000000000000D+00
   2   2   3   4  0.00000000000000D+00  0.00000000000000D+00
   1   4   3   4  0.00000000000000D+00  0.00000000000000D+00
   2   4   3   4  0.00000000000000D+00  0.00000000000000D+00
  
 2nd derivatives (non-stat.)  - # elements :      36
 qpt  3.33333333E-01  0.00000000E+00  0.00000000E+00   1.0
   1   1   1   1  0.15352643794838D+02 -0.37409027231801D-11
   2   1   1   1  0.57899577802039D+01 -0.17483825069681D-15
   3   1   1   1  0.31877507738239D-14  0.36232533689671D-15
   1   2   1   1 -0.46557323196863D+01 -0.47134875369578D+01
   2   2   1   1 -0.41858237306887D+01 -0.85777272930363D+00
   3   2   1   1 -0.16821066865668D-14  0.33750991041282D-14
   1   1   2   1  0.57899577802040D+01 -0.17483825069681D-15
   2   1   2   1  0.11579915560467D+02 -0.54338280366419D-16
   3   1   2   1  0.59714612412770D-16 -0.13345698721403D-15
   1   2   2   1 -0.41858237306887D+01 -0.85777272930363D+00
   2   2   2   1 -0.83716474616998D+01 -0.17155454583899D+01
   3   2   2   1  0.17008358881707D-15  0.41644572837956D-15
   1   1   3   1  0.31877507738241D-14  0.36232533689671D-15
   2   1   3   1  0.59714612412838D-16 -0.13345698721403D-15
   3   1   3   1  0.19446677039293D+02  0.78300287751992D-14
   1   2   3   1 -0.16821066865670D-14  0.33750991041279D-14
   2   2   3   1  0.17008358881707D-15  0.41644572837956D-15
   3   2   3   1 -0.11733155330209D+02 -0.96451873859979D+01
   1   1   1   2 -0.46557323196863D+01  0.47134875369578D+01
   2   1   1   2 -0.41858237306887D+01  0.85777272930363D+00
   3   1   1   2 -0.16821074455359D-14 -0.33750991457733D-14
   1   2   1   2  0.15352643794838D+02  0.37414425933286D-11
   2   2   1   2  0.57899577802039D+01 -0.17688361028398D-15
   3   2   1   2  0.31877507737209D-14 -0.28242837614899D-14
   1   1   2   2 -0.41858237306887D+01  0.85777272930363D+00
   2   1   2   2 -0.83716474616998D+01  0.17155454583899D+01
   3   1   2   2  0.17008358881707D-15 -0.41644572837956D-15
   1   2   2   2  0.57899577802039D+01 -0.17688361028398D-15
   2   2   2   2  0.11579915560467D+02 -0.23285456983157D-16
   3   2   2   2  0.59714612296675D-16  0.13417614185837D-15
   1   1   3   2 -0.16821066865670D-14 -0.33750991041279D-14
   2   1   3   2  0.17008358881707D-15 -0.41644572837956D-15
   3   1   3   2 -0.11733155330209D+02  0.96451873859979D+01
   1   2   3   2  0.31877507737209D-14 -0.28242837614899D-14
   2   2   3   2  0.59714612296811D-16  0.13417614185837D-15
   3   2   3   2  0.19446677039293D+02  0.20407879151506D-14
  
 2nd derivatives (non-stat.)  - # elements :      36
 qpt -3.33333333E-01  0.00000000E+00  0.00000000E+00   1.0
   1   1   1   1  0.15352823002328D+02 -0.19079013556132D-11
   2   1   1   1  0.57900060698441D+01 -0.20620813911809D-16
   3   1   1   1  0.24496189082296D-14 -0.36232531562816D-15
   1   2   1   1 -0.46557602452771D+01  0.47134187965586D+01
   2   2   1   1 -0.41858351534659D+01  0.85777352207345D+00
   3   2   1   1 -0.48985430079621D-16 -0.11603920320292D-14
   1   1   2   1  0.57900060698441D+01 -0.20620813911809D-16
   2   1   2   1  0.11580012139747D+02  0.72856639957551D-16
   3   1   2   1  0.62391370942950D-16  0.13345699185326D-15
   1   2   2   1 -0.41858351534659D+01  0.85777352207345D+00
   2   2   2   1 -0.83716703072540D+01  0.17155470439296D+01
   3   2   2   1 -0.40530419822038D-16  0.15787466464494D-15
   1   1   3   1  0.24496189082295D-14 -0.36232531562817D-15
   2   1   3   1  0.62391370943018D-16  0.13345699185326D-15
   3   1   3   1  0.19446916787017D+02 -0.75804546798199D-14
   1   2   3   1 -0.48985430079560D-16 -0.11603920320293D-14
   2   2   3   1 -0.40530419822038D-16  0.15787466464494D-15
   3   2   3   1 -0.11733912643147D+02  0.96436452959662D+01
   1   1   1   2 -0.46557602452771D+01 -0.47134187965586D+01
   2   1   1   2 -0.41858351534659D+01 -0.85777352207345D+00
   3   1   1   2 -0.48984793724816D-16  0.11603930581985D-14
   1   2   1   2  0.15352823002328D+02  0.19070497595561D-11
   2   2   1   2  0.57900060698441D+01 -0.18575454324641D-16
   3   2   1   2  0.24496189081265D-14 -0.80202834227944D-16
   1   1   2   2 -0.41858351534659D+01 -0.85777352207345D+00
   2   1   2   2 -0.83716703072540D+01 -0.17155470439296D+01
   3   1   2   2 -0.40530419822038D-16 -0.15787466464494D-15
   1   2   2   2  0.57900060698441D+01 -0.18575454324641D-16
   2   2   2   2  0.11580012139747D+02 -0.69218485888227D-16
   3   2   2   2  0.62391370826855D-16  0.90702209813489D-16
   1   1   3   2 -0.48985430079560D-16  0.11603920320293D-14
   2   1   3   2 -0.40530419822038D-16 -0.15787466464494D-15
   3   1   3   2 -0.11733912643147D+02 -0.96436452959662D+01
   1   2   3   2  0.24496189081263D-14 -0.80202834227935D-16
   2   2   3   2  0.62391370826991D-16  0.90702209813489D-16
   3   2   3   2  0.19446916787017D+02  0.42923222947910D-15
  
 2nd derivatives (non-stat.)  - # elements :      36
 qpt  0.00000000E+00  3.33333333E-01  0.00000000E+00   1.0
   1   1   1   1  0.11580032556075D+02 -0.89244626013760D-16
   2   1   1   1  0.57900162780377D+01 -0.18120226665803D-16
   3   1   1   1  0.40743349484459D-16 -0.13345616566909D-15
   1   2   1   1 -0.83716161469012D+01 -0.17157078522682D+01
   2   2   1   1 -0.41858080734506D+01 -0.85785392613413D+00
   3   2   1   1 -0.87131960399830D-17 -0.15730665199077D-15
   1   1   2   1  0.57900162780377D+01 -0.18120226665803D-16
   2   1   2   1  0.15352809527698D+02 -0.26571293076720D-11
   3   1   2   1  0.68359935049532D-15  0.36232695432407D-15
   1   2   2   1 -0.41858080734507D+01 -0.85785392613413D+00
   2   2   2   1 -0.46557313202237D+01 -0.47136519140348D+01
   3   2   2   1 -0.12039056533724D-14  0.47896316131943D-15
   1   1   3   1  0.40743349484391D-16 -0.13345616566909D-15
   2   1   3   1  0.68359935049539D-15  0.36233373058765D-15
   3   1   3   1  0.19446490729084D+02  0.71463910500924D-14
   1   2   3   1 -0.87131960399830D-17 -0.15730665199077D-15
   2   2   3   1 -0.12039192059004D-14  0.47894960879147D-15
   3   2   3   1 -0.11733996871146D+02 -0.96454121508358D+01
   1   1   1   2 -0.83716161469012D+01  0.17157078522682D+01
   2   1   1   2 -0.41858080734506D+01  0.85785392613413D+00
   3   1   1   2 -0.87131960399830D-17  0.15730665199077D-15
   1   2   1   2  0.11580032556075D+02  0.19087148257658D-16
   2   2   1   2  0.57900162780377D+01 -0.20248979297480D-16
   3   2   1   2  0.40743349382978D-16 -0.90701383624301D-16
   1   1   2   2 -0.41858080734506D+01  0.85785392613413D+00
   2   1   2   2 -0.46557313202237D+01  0.47136519140348D+01
   3   1   2   2 -0.12039192059004D-14 -0.47894960879147D-15
   1   2   2   2  0.57900162780377D+01 -0.20248979297480D-16
   2   2   2   2  0.15352809527698D+02  0.26578722483376D-11
   3   2   2   2  0.68359935037922D-15  0.80204419968203D-16
   1   1   3   2 -0.87131960399830D-17  0.15730665199077D-15
   2   1   3   2 -0.12039056533724D-14 -0.47896316131943D-15
   3   1   3   2 -0.11733996871146D+02  0.96454121508358D+01
   1   2   3   2  0.40743349382844D-16 -0.90701383624301D-16
   2   2   3   2  0.68359935037936D-15  0.80197643704628D-16
   3   2   3   2  0.19446490729084D+02 -0.86330178841293D-15
  
 2nd derivatives (non-stat.)  - # elements :      36
 qpt  3.33333333E-01  3.33333333E-01  0.00000000E+00   1.0
   1   1   1   1  0.15352666414042D+02 -0.10890591075209D-15
   2   1   1   1  0.95625878682769D+01 -0.22434840540927D-15
   3   1   1   1  0.75134259843444D-15  0.95704342991541D-15
   1   2   1   1 -0.17542607201056D+01 -0.63887751752560D+01
   2   2   1   1 -0.31043203083137D+01 -0.23349216104870D+01
   3   2   1   1 -0.22192132481828D-14 -0.27745924514442D-14
   1   1   2   1  0.95625878682769D+01 -0.22434840540927D-15
   2   1   2   1  0.15352666414101D+02  0.20989136249709D-16
   3   1   2   1 -0.50508723142963D-15  0.95704497574724D-15
   1   2   2   1 -0.31043203083137D+01 -0.23349216104870D+01
   2   2   2   1 -0.17542607197569D+01 -0.63887751754271D+01
   3   2   2   1 -0.34882100729928D-14  0.24186214461139D-14
   1   1   3   1  0.75134259843437D-15  0.95704342991541D-15
   2   1   3   1 -0.50507718681388D-15  0.95704423067415D-15
   3   1   3   1  0.19446470097507D+02  0.18011993590120D-14
   1   2   3   1 -0.22192132481828D-14 -0.27745924514442D-14
   2   2   3   1 -0.34882054630739D-14  0.24186268858798D-14
   3   2   3   1 -0.24857756947275D+01 -0.14983884824399D+02
   1   1   1   2 -0.17542607201056D+01  0.63887751752560D+01
   2   1   1   2 -0.31043203083137D+01  0.23349216104870D+01
   3   1   1   2 -0.22192132481828D-14  0.27745924514442D-14
   1   2   1   2  0.15352666414042D+02 -0.55031927403912D-15
   2   2   1   2  0.95625878682768D+01 -0.22235773900602D-15
   3   2   1   2  0.75134259834403D-15 -0.83270230040848D-15
   1   1   2   2 -0.31043203083137D+01  0.23349216104870D+01
   2   1   2   2 -0.17542607197569D+01  0.63887751754271D+01
   3   1   2   2 -0.34882054630739D-14 -0.24186268858798D-14
   1   2   2   2  0.95625878682768D+01 -0.22235773900602D-15
   2   2   2   2  0.15352666414101D+02 -0.45430110128248D-15
   3   2   2   2 -0.50508723154602D-15 -0.85553179433843D-15
   1   1   3   2 -0.22192132481828D-14  0.27745924514442D-14
   2   1   3   2 -0.34882100729928D-14 -0.24186214461139D-14
   3   1   3   2 -0.24857756947275D+01  0.14983884824399D+02
   1   2   3   2  0.75134259834390D-15 -0.83270230040848D-15
   2   2   3   2 -0.50507718693021D-15 -0.85553104926534D-15
   3   2   3   2  0.19446470097507D+02 -0.84726260313615D-15
  
 2nd derivatives (non-stat.)  - # elements :      36
 qpt -3.33333333E-01  3.33333333E-01  0.00000000E+00   1.0
   1   1   1   1  0.13231362538616D+02 -0.42130050732605D-15
   2   1   1   1  0.66156812693077D+01  0.11357939328503D+01
   3   1   1   1  0.12963231680259D-15  0.76717337183851D-15
   1   2   1   1 -0.52987606721427D+00  0.91777227013008D+00
   2   2   1   1 -0.10597521338965D+01  0.30694886710088D-09
   3   2   1   1 -0.91584670580289D-15 -0.21312459639043D-14
   1   1   2   1  0.66156812693077D+01 -0.11357939328503D+01
   2   1   2   1  0.13231362538495D+02  0.23991318991217D-15
   3   1   2   1  0.17738577469591D-15 -0.76717315158781D-15
   1   2   2   1 -0.10597521338965D+01  0.30695041682786D-09
   2   2   2   1 -0.52987606676294D+00 -0.91777226968399D+00
   3   2   2   1 -0.11701632269465D-14  0.29828219767470D-14
   1   1   3   1  0.12963231680252D-15  0.76717450121577D-15
   2   1   3   1  0.17738580446805D-15 -0.76717205946958D-15
   3   1   3   1  0.16570634221963D+02 -0.42465743231768D-16
   1   2   3   1 -0.91584444704877D-15 -0.21312572576769D-14
   2   2   3   1 -0.11701522168498D-14  0.29828132611389D-14
   3   2   3   1 -0.62929665431420D-09  0.10953668538713D-08
   1   1   1   2 -0.52987606721427D+00 -0.91777227013008D+00
   2   1   1   2 -0.10597521338965D+01 -0.30694886710091D-09
   3   1   1   2 -0.91584670580329D-15  0.21312572576775D-14
   1   2   1   2  0.13231362538616D+02 -0.86547901297897D-15
   2   2   1   2  0.66156812693077D+01 -0.11357939328503D+01
   3   2   1   2  0.12963231679482D-15  0.12355400603349D-15
   1   1   2   2 -0.10597521338965D+01 -0.30695041682788D-09
   2   1   2   2 -0.52987606676294D+00  0.91777226968399D+00
   3   1   2   2 -0.11701612518679D-14 -0.29828135434829D-14
   1   2   2   2  0.66156812693077D+01  0.11357939328503D+01
   2   2   2   2  0.13231362538495D+02  0.68391731265357D-15
   3   2   2   2  0.17738577469291D-15 -0.12359025183001D-15
   1   1   3   2 -0.91584218829411D-15  0.21312459639048D-14
   2   1   3   2 -0.11701541919284D-14 -0.29828219767473D-14
   3   1   3   2 -0.62929665431420D-09 -0.10953668538713D-08
   1   2   3   2  0.12963231679468D-15  0.12355287665622D-15
   2   2   3   2  0.17738580446511D-15 -0.12359134394825D-15
   3   2   3   2  0.16570634221963D+02 -0.42465637349437D-16
  
 2nd derivatives (non-stat.)  - # elements :      36
 qpt  0.00000000E+00 -3.33333333E-01  0.00000000E+00   1.0
   1   1   1   1  0.11580005141478D+02  0.30752865969540D-17
   2   1   1   1  0.57900025707390D+01  0.11988848421844D-15
   3   1   1   1  0.94403758542916D-16  0.13345615759020D-15
   1   2   1   1 -0.83716045212244D+01  0.17154065335877D+01
   2   2   1   1 -0.41858022606122D+01  0.85770326679387D+00
   3   2   1   1  0.12557932506408D-15 -0.39781623564297D-15
   1   1   2   1  0.57900025707390D+01  0.11988848421844D-15
   2   1   2   1  0.15352712854251D+02 -0.85218584195050D-12
   3   1   2   1 -0.12381989054783D-15 -0.36232691683797D-15
   1   2   2   1 -0.41858022606122D+01  0.85770326679387D+00
   2   2   2   1 -0.46556117854289D+01  0.47135116340720D+01
   3   2   2   1 -0.12126656147870D-14 -0.23890258299587D-14
   1   1   3   1  0.94403758542849D-16  0.13345615759020D-15
   2   1   3   1 -0.12381989054776D-15 -0.36232014057449D-15
   3   1   3   1  0.19447080355123D+02 -0.77946193552149D-14
   1   2   3   1  0.12557932506408D-15 -0.39781623564297D-15
   2   2   3   1 -0.12126690029184D-14 -0.23890258299587D-14
   3   2   3   1 -0.11735173150789D+02  0.96450887997137D+01
   1   1   1   2 -0.83716045212244D+01 -0.17154065335877D+01
   2   1   1   2 -0.41858022606122D+01 -0.85770326679387D+00
   3   1   1   2  0.12557932506408D-15  0.39781623564297D-15
   1   2   1   2  0.11580005141478D+02  0.57522684655571D-17
   2   2   1   2  0.57900025707389D+01  0.12201725173856D-15
   3   2   1   2  0.94403758441436D-16 -0.14228162757200D-15
   1   1   2   2 -0.41858022606122D+01 -0.85770326679387D+00
   2   1   2   2 -0.46556117854289D+01 -0.47135116340720D+01
   3   1   2   2 -0.12126690029184D-14  0.23890258299587D-14
   1   2   2   2  0.57900025707389D+01  0.12201725173856D-15
   2   2   2   2  0.15352712854251D+02  0.85142046488854D-12
   3   2   2   2 -0.12381989066393D-15  0.28134758411091D-14
   1   1   3   2  0.12557932506408D-15  0.39781623564297D-15
   2   1   3   2 -0.12126656147870D-14  0.23890258299587D-14
   3   1   3   2 -0.11735173150789D+02 -0.96450887997137D+01
   1   2   3   2  0.94403758441301D-16 -0.14228162757200D-15
   2   2   3   2 -0.12381989066379D-15  0.28134690648457D-14
   3   2   3   2  0.19447080355123D+02 -0.24494617758100D-14
  
 2nd derivatives (non-stat.)  - # elements :      36
 qpt  3.33333333E-01 -3.33333333E-01  0.00000000E+00   1.0
   1   1   1   1  0.13231503264124D+02  0.54345574216301D-15
   2   1   1   1  0.66157516320620D+01 -0.11358784630384D+01
   3   1   1   1  0.47994845848157D-15 -0.76717450325163D-15
   1   2   1   1 -0.52987652943823D+00 -0.91777307072526D+00
   2   2   1   1 -0.10597530583448D+01 -0.30694703666225D-09
   3   2   1   1 -0.12117711327676D-14  0.16161613463237D-14
   1   1   2   1  0.66157516320620D+01  0.11358784630384D+01
   2   1   2   1  0.13231503264003D+02 -0.34702615289230D-15
   3   1   2   1  0.13001213747678D-16  0.76717216345046D-15
   1   2   2   1 -0.10597530583448D+01 -0.30694680791251D-09
   2   2   2   1 -0.52987652898692D+00  0.91777307027918D+00
   3   2   2   1 -0.93810784006692D-15 -0.22886061929369D-14
   1   1   3   1  0.47994845848151D-15 -0.76717450325163D-15
   2   1   3   1  0.13000438700626D-16  0.76717207586985D-15
   3   1   3   1  0.16570555853147D+02  0.52741152515387D-16
   1   2   3   1 -0.12117620977497D-14  0.16161590875695D-14
   2   2   3   1 -0.93811104881496D-15 -0.22886055326511D-14
   3   2   3   1 -0.63223252400318D-09 -0.10953586156661D-08
   1   1   1   2 -0.52987652943823D+00  0.91777307072526D+00
   2   1   1   2 -0.10597530583448D+01  0.30694703666224D-09
   3   1   1   2 -0.12117620977500D-14 -0.16161590875689D-14
   1   2   1   2  0.13231503264124D+02  0.54354502824690D-15
   2   2   1   2  0.66157516320620D+01  0.11358784630384D+01
   3   2   1   2  0.47994847170869D-15 -0.12355287869208D-15
   1   1   2   2 -0.10597530583448D+01  0.30694680791253D-09
   2   1   2   2 -0.52987652898692D+00 -0.91777307027918D+00
   3   1   2   2 -0.93811669570127D-15  0.22885970623214D-14
   1   2   2   2  0.66157516320620D+01 -0.11358784630384D+01
   2   2   2   2  0.13231503264003D+02 -0.79103024916392D-15
   3   2   2   2  0.13001213744675D-16  0.12359125953302D-15
   1   1   3   2 -0.12117666152591D-14 -0.16161613463237D-14
   2   1   3   2 -0.93810784006692D-15  0.22886061929372D-14
   3   1   3   2 -0.63223252400318D-09  0.10953586156661D-08
   1   2   3   2  0.47994847170856D-15 -0.12355287869208D-15
   2   2   3   2  0.13000438697690D-16  0.12359134711363D-15
   3   2   3   2  0.16570555853147D+02  0.52741046645984D-16
  
 2nd derivatives (non-stat.)  - # elements :      36
 qpt -3.33333333E-01 -3.33333333E-01  0.00000000E+00   1.0
   1   1   1   1  0.15352781194282D+02  0.18167656768938D-15
   2   1   1   1  0.95626958050969D+01  0.20621470554388D-15
   3   1   1   1  0.11702759267025D-14 -0.95704346749159D-15
   1   2   1   1 -0.17544822782484D+01  0.63885666212917D+01
   2   2   1   1 -0.31044429230390D+01  0.23347303311600D+01
   3   2   1   1 -0.24156348069020D-14  0.12091906645283D-15
   1   1   2   1  0.95626958050969D+01  0.20621470554388D-15
   2   1   2   1  0.15352781194342D+02 -0.11109456648218D-15
   3   1   2   1  0.16900361229038D-14 -0.95704427900956D-15
   1   2   2   1 -0.31044429230390D+01  0.23347303311600D+01
   2   2   2   1 -0.17544822778990D+01  0.63885666214622D+01
   3   2   2   1 -0.30487903299903D-14 -0.25162082359111D-14
   1   1   3   1  0.11702759267025D-14 -0.95704346749159D-15
   2   1   3   1  0.16900363008808D-14 -0.95704425585383D-15
   3   1   3   1  0.19445919976863D+02 -0.17139041037815D-14
   1   2   3   1 -0.24156348069020D-14  0.12091906645283D-15
   2   2   3   1 -0.30487901418599D-14 -0.25162088911962D-14
   3   2   3   1 -0.24862560805145D+01  0.14981679798958D+02
   1   1   1   2 -0.17544822782484D+01 -0.63885666212917D+01
   2   1   1   2 -0.31044429230390D+01 -0.23347303311600D+01
   3   1   1   2 -0.24156348069020D-14 -0.12091906645283D-15
   1   2   1   2  0.15352781194282D+02  0.10671791408265D-14
   2   2   1   2  0.95626958050969D+01  0.10924295638943D-14
   3   2   1   2  0.11702759001424D-14  0.23534317055917D-14
   1   1   2   2 -0.31044429230390D+01 -0.23347303311600D+01
   2   1   2   2 -0.17544822778990D+01 -0.63885666214622D+01
   3   1   2   2 -0.30487901418599D-14  0.25162088911962D-14
   1   2   2   2  0.95626958050969D+01  0.10924295638943D-14
   2   2   2   2  0.15352781194342D+02  0.80828488089846D-15
   3   2   2   2  0.16900361227875D-14  0.23534310991877D-14
   1   1   3   2 -0.24156348069020D-14 -0.12091906645283D-15
   2   1   3   2 -0.30487903299903D-14  0.25162082359111D-14
   3   1   3   2 -0.24862560805145D+01 -0.14981679798958D+02
   1   2   3   2  0.11702759001422D-14  0.23534317055917D-14
   2   2   3   2  0.16900363007645D-14  0.23534310760320D-14
   3   2   3   2  0.19445919976863D+02  0.27109011452397D-14

 List of bloks and their characteristics 
  
 2nd derivatives (non-stat.)  - # elements :      64
 qpt  0.00000000E+00  0.00000000E+00  0.00000000E+00   1.0
  
 2nd derivatives (non-stat.)  - # elements :      36
 qpt  3.33333333E-01  0.00000000E+00  0.00000000E+00   1.0
  
 2nd derivatives (non-stat.)  - # elements :      36
 qpt -3.33333333E-01  0.00000000E+00  0.00000000E+00   1.0
  
 2nd derivatives (non-stat.)  - # elements :      36
 qpt  0.00000000E+00  3.33333333E-01  0.00000000E+00   1.0
  
 2nd derivatives (non-stat.)  - # elements :      36
 qpt  3.33333333E-01  3.33333333E-01  0.00000000E+00   1.0
  
 2nd derivatives (non-stat.)  - # elements :      36
 qpt -3.33333333E-01  3.33333333E-01  0.00000000E+00   1.0
  
 2nd derivatives (non-stat.)  - # elements :      36
 qpt  0.00000000E+00 -3.33333333E-01  0.00000000E+00   1.0
  
 2nd derivatives (non-stat.)  - # elements :      36
 qpt  3.33333333E-01 -3.33333333E-01  0.00000000E+00   1.0
  
 2nd derivatives (non-stat.)  - # elements :      36
 qpt -3.33333333E-01 -3.33333333E-01  0.00000000E+00   1.0
