# 
# Partial phonon density of states for q along a band structure path
# 
# Energy in Ha      , DOS in states/Ha
# Gaussian method with smearing =     0.2278167626E-04Ha      , nq =       1
# 
# omega     PHDOS 
#
   2.13432547E-03   1.75115420E+04
   2.13888180E-03   1.71647902E+04
   2.14343814E-03   1.61651907E+04
   2.14799447E-03   1.46268694E+04
   2.15255081E-03   1.27159894E+04
   2.15710714E-03   1.06212871E+04
   2.16166348E-03   8.52378257E+03
   2.16621981E-03   6.57227607E+03
   2.17077615E-03   4.86886186E+03
   2.17533248E-03   3.46551138E+03
   2.17988882E-03   2.36992949E+03
   2.18444515E-03   1.55715464E+03
   2.18900149E-03   9.83006256E+02
   2.19355782E-03   5.96223433E+02
   2.19811416E-03   3.47448164E+02
   2.20267050E-03   1.94535659E+02
   2.20722683E-03   1.04649376E+02
   2.21178317E-03   5.40881696E+01
   2.21633950E-03   2.68593901E+01
   2.22089584E-03   1.28149888E+01
   2.22545217E-03   5.87446789E+00
   2.23000851E-03   2.58730161E+00
   2.23456484E-03   1.09484794E+00
   2.23912118E-03   4.45131954E-01
   2.24367751E-03   1.73880932E-01
   2.24823385E-03   6.52594435E-02
   2.25279018E-03   2.35322251E-02
   2.25734652E-03   8.15287612E-03
   2.26190285E-03   2.71385671E-03
   2.26645919E-03   8.67942998E-04
   2.27101552E-03   2.66700430E-04
   2.27557186E-03   7.87380124E-05
   2.28012819E-03   2.23343543E-05
   2.28468453E-03   6.08682161E-06
   2.28924086E-03   1.59380787E-06
   2.29379720E-03   4.00967879E-07
   2.29835354E-03   9.69195566E-08
   2.30290987E-03   2.25082368E-08
   2.30746621E-03   5.02226648E-09
   2.31202254E-03   1.07667902E-09
   2.31657888E-03   2.21769067E-10
   2.32113521E-03   4.38878098E-11
   2.32569155E-03   8.34478339E-12
   2.33024788E-03   1.52445444E-12
   2.33480422E-03   2.67572854E-13
   2.33936055E-03   4.51229903E-14
   2.34391689E-03   7.31108639E-15
   2.34847322E-03   1.13813605E-15
   2.35302956E-03   1.70229437E-16
   2.35758589E-03   2.44626425E-17
   2.36214223E-03   3.37753839E-18
   2.36669856E-03   4.48048927E-19
   2.37125490E-03   5.71056144E-20
   2.37581123E-03   6.99294957E-21
   2.38036757E-03   8.22754384E-22
   2.38492391E-03   9.30054149E-23
   2.38948024E-03   1.01012352E-23
   2.39403658E-03   1.05406879E-24
   2.39859291E-03   1.05679718E-25
   2.40314925E-03   1.01798777E-26
   2.40770558E-03   9.42153558E-28
   2.41226192E-03   8.37778183E-29
   2.41681825E-03   7.15755380E-30
   2.42137459E-03   5.87527794E-31
   2.42593092E-03   4.63362019E-32
   2.43048726E-03   3.51107955E-33
   2.43504359E-03   2.55616643E-34
   2.43959993E-03   1.78799296E-35
   2.44415626E-03   1.20162984E-36
   2.44871260E-03   7.75896554E-38
   2.45326893E-03   4.81354641E-39
   2.45782527E-03   2.86915971E-40
   2.46238160E-03   1.64313220E-41
   2.46693794E-03   9.04104245E-43
   2.47149427E-03   4.77961298E-44
   2.47605061E-03   2.42770088E-45
   2.48060695E-03   1.18474805E-46
   2.48516328E-03   5.55609905E-48
   2.48971962E-03   2.76184723E-49
   2.49427595E-03   6.03455699E-49
   2.49883229E-03   1.30106414E-47
   2.50338862E-03   2.74420269E-46
   2.50794496E-03   5.56130691E-45
   2.51250129E-03   1.08284374E-43
   2.51705763E-03   2.02573642E-42
   2.52161396E-03   3.64106393E-41
   2.52617030E-03   6.28784595E-40
   2.53072663E-03   1.04328678E-38
   2.53528297E-03   1.66315886E-37
   2.53983930E-03   2.54736973E-36
   2.54439564E-03   3.74868074E-35
   2.54895197E-03   5.30021086E-34
   2.55350831E-03   7.20005909E-33
   2.55806464E-03   9.39738878E-32
   2.56262098E-03   1.17843749E-30
   2.56717732E-03   1.41982273E-29
   2.57173365E-03   1.64357649E-28
   2.57628999E-03   1.82799051E-27
   2.58084632E-03   1.95337748E-26
   2.58540266E-03   2.00551832E-25
   2.58995899E-03   1.97831441E-24
   2.59451533E-03   1.87496090E-23
   2.59907166E-03   1.70732947E-22
   2.60362800E-03   1.49372511E-21
   2.60818433E-03   1.25560271E-20
   2.61274067E-03   1.01405622E-19
   2.61729700E-03   7.86864663E-19
   2.62185334E-03   5.86632709E-18
   2.62640967E-03   4.20204531E-17
   2.63096601E-03   2.89190093E-16
   2.63552234E-03   1.91220443E-15
   2.64007868E-03   1.21482426E-14
   2.64463501E-03   7.41516504E-14
   2.64919135E-03   4.34866971E-13
   2.65374769E-03   2.45030567E-12
   2.65830402E-03   1.32651557E-11
   2.66286036E-03   6.89973955E-11
   2.66741669E-03   3.44811158E-10
   2.67197303E-03   1.65561065E-09
   2.67652936E-03   7.63771448E-09
   2.68108570E-03   3.38529851E-08
   2.68564203E-03   1.44164691E-07
   2.69019837E-03   5.89860458E-07
   2.69475470E-03   2.31882613E-06
   2.69931104E-03   8.75821738E-06
   2.70386737E-03   3.17827911E-05
   2.70842371E-03   1.10814688E-04
   2.71298004E-03   3.71220434E-04
   2.71753638E-03   1.19480228E-03
   2.72209271E-03   3.69479493E-03
   2.72664905E-03   1.09778032E-02
   2.73120538E-03   3.13380727E-02
   2.73576172E-03   8.59532146E-02
   2.74031805E-03   2.26509632E-01
   2.74487439E-03   5.73519602E-01
   2.74943073E-03   1.39524366E+00
   2.75398706E-03   3.26134203E+00
   2.75854340E-03   7.32475264E+00
   2.76309973E-03   1.58069408E+01
   2.76765607E-03   3.27771875E+01
   2.77221240E-03   6.53099166E+01
   2.77676874E-03   1.25051799E+02
   2.78132507E-03   2.30107594E+02
   2.78588141E-03   4.06947590E+02
   2.79043774E-03   6.91769936E+02
   2.79499408E-03   1.13049059E+03
   2.79955041E-03   1.77641234E+03
   2.80410675E-03   2.68480331E+03
   2.80866308E-03   3.90421852E+03
   2.81321942E-03   5.46541689E+03
   2.81777575E-03   7.36993843E+03
   2.82233209E-03   9.58137319E+03
   2.82688842E-03   1.20225390E+04
   2.83144476E-03   1.45807950E+04
   2.83600110E-03   1.71215711E+04
   2.84055743E-03   1.95074628E+04
   2.84511377E-03   2.16179605E+04
   2.84967010E-03   2.33641330E+04
   2.85422644E-03   2.46939766E+04
   2.85878277E-03   2.55873999E+04
   2.86333911E-03   2.60437265E+04
   2.86789544E-03   2.60675238E+04
   2.87245178E-03   2.56591319E+04
   2.87700811E-03   2.48141233E+04
   2.88156445E-03   2.35319341E+04
   2.88612078E-03   2.18298125E+04
   2.89067712E-03   1.97558196E+04
   2.89523345E-03   1.73948804E+04
   2.89978979E-03   1.48645983E+04
   2.90434612E-03   1.23014376E+04
   2.90890246E-03   9.84127881E+03
   2.91345879E-03   7.59998070E+03
   2.91801513E-03   5.65905764E+03
   2.92257147E-03   4.05941532E+03
   2.92712780E-03   2.80335437E+03
   2.93168414E-03   1.86280013E+03
   2.93624047E-03   1.19058923E+03
   2.94079681E-03   7.31713062E+02
   2.94535314E-03   4.32325000E+02
   2.94990948E-03   2.45528524E+02
   2.95446581E-03   1.34018515E+02
   2.95902215E-03   7.03009731E+01
   2.96357848E-03   3.54375605E+01
   2.96813482E-03   1.71653152E+01
   2.97269115E-03   7.98932600E+00
   2.97724749E-03   3.57295694E+00
   2.98180382E-03   1.53531152E+00
   2.98636016E-03   6.33884733E-01
   2.99091649E-03   2.51457555E-01
   2.99547283E-03   9.58421234E-02
   3.00002916E-03   3.50980591E-02
   3.00458550E-03   1.23493170E-02
   3.00914183E-03   4.17478998E-03
   3.01369817E-03   1.35599231E-03
   3.01825451E-03   4.23165263E-04
   3.02281084E-03   1.26879794E-04
   3.02736718E-03   3.65514162E-05
   3.03192351E-03   1.01168418E-05
   3.03647985E-03   2.69038546E-06
   3.04103618E-03   6.87405023E-07
   3.04559252E-03   1.68748309E-07
   3.05014885E-03   3.98010574E-08
   3.05470519E-03   9.01941106E-09
   3.05926152E-03   1.96376763E-09
   3.06381786E-03   4.10799895E-10
   3.06837419E-03   8.25655429E-11
   3.07293053E-03   1.59439392E-11
   3.07748686E-03   2.95815327E-12
   3.08204320E-03   5.27319662E-13
   3.08659953E-03   9.03140874E-14
   3.09115587E-03   1.48615897E-14
   3.09571220E-03   2.34965049E-15
   3.10026854E-03   3.56918857E-16
   3.10482488E-03   5.20911504E-17
   3.10938121E-03   7.30443499E-18
   3.11393755E-03   9.84096149E-19
   3.11849388E-03   1.27384521E-19
   3.12305022E-03   1.58425107E-20
   3.12760655E-03   1.89303908E-21
   3.13216289E-03   2.17331848E-22
   3.13671922E-03   2.39726136E-23
   3.14127556E-03   2.54059607E-24
   3.14583189E-03   2.58692643E-25
   3.15038823E-03   2.53081707E-26
   3.15494456E-03   2.37884231E-27
   3.15950090E-03   2.14831902E-28
   3.16405723E-03   1.86406097E-29
   3.16861357E-03   1.55399520E-30
   3.17316990E-03   1.24470793E-31
   3.17772624E-03   9.57885190E-33
   3.18228257E-03   7.08251791E-34
   3.18683891E-03   5.03141483E-35
   3.19139524E-03   3.43416210E-36
   3.19595158E-03   2.25205854E-37
   3.20050792E-03   1.41894899E-38
   3.20506425E-03   8.58978134E-40
   3.20962059E-03   4.99603712E-41
   3.21417692E-03   2.79188435E-42
   3.21873326E-03   1.49898544E-43
   3.22328959E-03   7.73260140E-45
   3.22784593E-03   3.83249904E-46
   3.23240226E-03   1.82501612E-47
   3.23695860E-03   8.34986738E-49
   3.24151493E-03   3.67046148E-50
   3.24607127E-03   1.55020804E-51
   3.25062760E-03   6.29053406E-53
   3.25518394E-03   2.45252404E-54
   3.25974027E-03   9.18686318E-56
   3.26429661E-03   3.30635472E-57
   3.26885294E-03   1.14329910E-58
   3.27340928E-03   3.79838078E-60
   3.27796561E-03   1.21245424E-61
   3.28252195E-03   3.71843708E-63
   3.28707829E-03   1.09568001E-64
   3.29163462E-03   3.10195332E-66
   3.29619096E-03   8.43752358E-68
   3.30074729E-03   2.20507295E-69
   3.30530363E-03   5.53680393E-71
   3.30985996E-03   1.33574497E-72
   3.31441630E-03   3.09610851E-74
   3.31897263E-03   6.89504361E-76
   3.32352897E-03   1.47531950E-77
   3.32808530E-03   3.03293686E-79
   3.33264164E-03   5.99058007E-81
   3.33719797E-03   1.13684853E-82
   3.34175431E-03   2.07283414E-84
   3.34631064E-03   3.63123807E-86
   3.35086698E-03   0.00000000E+00
   3.35542331E-03   0.00000000E+00
   3.35997965E-03   0.00000000E+00
   3.36453598E-03   0.00000000E+00
   3.36909232E-03   0.00000000E+00
   3.37364866E-03   0.00000000E+00
   3.37820499E-03   0.00000000E+00
   3.38276133E-03   0.00000000E+00
   3.38731766E-03   0.00000000E+00
   3.39187400E-03   0.00000000E+00
   3.39643033E-03   0.00000000E+00
   3.40098667E-03   0.00000000E+00
   3.40554300E-03   0.00000000E+00
   3.41009934E-03   0.00000000E+00
   3.41465567E-03   0.00000000E+00
   3.41921201E-03   0.00000000E+00
   3.42376834E-03   0.00000000E+00
   3.42832468E-03   0.00000000E+00
   3.43288101E-03   0.00000000E+00
   3.43743735E-03   0.00000000E+00
   3.44199368E-03   0.00000000E+00
   3.44655002E-03   0.00000000E+00
   3.45110635E-03   0.00000000E+00
   3.45566269E-03   0.00000000E+00
   3.46021902E-03   0.00000000E+00
   3.46477536E-03   0.00000000E+00
   3.46933170E-03   0.00000000E+00
   3.47388803E-03   0.00000000E+00
   3.47844437E-03   0.00000000E+00
   3.48300070E-03   0.00000000E+00
   3.48755704E-03   0.00000000E+00
   3.49211337E-03   0.00000000E+00
   3.49666971E-03   0.00000000E+00
   3.50122604E-03   0.00000000E+00
   3.50578238E-03   0.00000000E+00
   3.51033871E-03   0.00000000E+00
   3.51489505E-03   0.00000000E+00
   3.51945138E-03   0.00000000E+00
   3.52400772E-03   0.00000000E+00
   3.52856405E-03   0.00000000E+00
   3.53312039E-03   0.00000000E+00
   3.53767672E-03   0.00000000E+00
   3.54223306E-03   0.00000000E+00
   3.54678939E-03   0.00000000E+00
   3.55134573E-03   0.00000000E+00
   3.55590207E-03   0.00000000E+00
   3.56045840E-03   0.00000000E+00
   3.56501474E-03   0.00000000E+00
   3.56957107E-03   0.00000000E+00
   3.57412741E-03   0.00000000E+00
   3.57868374E-03   0.00000000E+00
   3.58324008E-03   0.00000000E+00
   3.58779641E-03   0.00000000E+00
   3.59235275E-03   0.00000000E+00
   3.59690908E-03   0.00000000E+00
   3.60146542E-03   0.00000000E+00
   3.60602175E-03   0.00000000E+00
   3.61057809E-03   0.00000000E+00
   3.61513442E-03   0.00000000E+00
   3.61969076E-03   0.00000000E+00
   3.62424709E-03   0.00000000E+00
   3.62880343E-03   0.00000000E+00
   3.63335976E-03   0.00000000E+00
   3.63791610E-03   0.00000000E+00
   3.64247243E-03   0.00000000E+00
   3.64702877E-03   0.00000000E+00
   3.65158511E-03   0.00000000E+00
   3.65614144E-03   0.00000000E+00
   3.66069778E-03   0.00000000E+00
   3.66525411E-03   0.00000000E+00
   3.66981045E-03   0.00000000E+00
   3.67436678E-03   0.00000000E+00
   3.67892312E-03   0.00000000E+00
   3.68347945E-03   0.00000000E+00
   3.68803579E-03   0.00000000E+00
   3.69259212E-03   0.00000000E+00
   3.69714846E-03   0.00000000E+00
   3.70170479E-03   0.00000000E+00
   3.70626113E-03   0.00000000E+00
   3.71081746E-03   0.00000000E+00
   3.71537380E-03   0.00000000E+00
   3.71993013E-03   0.00000000E+00
   3.72448647E-03   0.00000000E+00
   3.72904280E-03   0.00000000E+00
   3.73359914E-03   0.00000000E+00
   3.73815548E-03   0.00000000E+00
   3.74271181E-03   0.00000000E+00
   3.74726815E-03   0.00000000E+00
   3.75182448E-03   0.00000000E+00
   3.75638082E-03   0.00000000E+00
   3.76093715E-03   0.00000000E+00
   3.76549349E-03   0.00000000E+00
   3.77004982E-03   0.00000000E+00
   3.77460616E-03   0.00000000E+00
   3.77916249E-03   0.00000000E+00
   3.78371883E-03   0.00000000E+00
   3.78827516E-03   0.00000000E+00
   3.79283150E-03   0.00000000E+00
   3.79738783E-03   0.00000000E+00
   3.80194417E-03   0.00000000E+00
   3.80650050E-03   0.00000000E+00
   3.81105684E-03   0.00000000E+00
   3.81561317E-03   0.00000000E+00
   3.82016951E-03   0.00000000E+00
   3.82472585E-03   0.00000000E+00
   3.82928218E-03   0.00000000E+00
   3.83383852E-03   0.00000000E+00
   3.83839485E-03   0.00000000E+00
   3.84295119E-03   0.00000000E+00
   3.84750752E-03   0.00000000E+00
   3.85206386E-03   0.00000000E+00
   3.85662019E-03   0.00000000E+00
   3.86117653E-03   0.00000000E+00
   3.86573286E-03   0.00000000E+00
   3.87028920E-03   0.00000000E+00
   3.87484553E-03   0.00000000E+00
   3.87940187E-03   0.00000000E+00
   3.88395820E-03   0.00000000E+00
   3.88851454E-03   0.00000000E+00
   3.89307087E-03   0.00000000E+00
   3.89762721E-03   0.00000000E+00
   3.90218354E-03   0.00000000E+00
   3.90673988E-03   0.00000000E+00
   3.91129621E-03   0.00000000E+00
   3.91585255E-03   0.00000000E+00
   3.92040889E-03   0.00000000E+00
   3.92496522E-03   0.00000000E+00
   3.92952156E-03   0.00000000E+00
   3.93407789E-03   0.00000000E+00
   3.93863423E-03   0.00000000E+00
   3.94319056E-03   0.00000000E+00
   3.94774690E-03   0.00000000E+00
   3.95230323E-03   0.00000000E+00
   3.95685957E-03   0.00000000E+00
   3.96141590E-03   0.00000000E+00
   3.96597224E-03   0.00000000E+00
   3.97052857E-03   0.00000000E+00
   3.97508491E-03   0.00000000E+00
   3.97964124E-03   0.00000000E+00
   3.98419758E-03   0.00000000E+00
   3.98875391E-03   0.00000000E+00
   3.99331025E-03   0.00000000E+00
   3.99786658E-03   0.00000000E+00
   4.00242292E-03   0.00000000E+00
   4.00697926E-03   0.00000000E+00
   4.01153559E-03   0.00000000E+00
   4.01609193E-03   0.00000000E+00
   4.02064826E-03   0.00000000E+00
   4.02520460E-03   0.00000000E+00
   4.02976093E-03   0.00000000E+00
   4.03431727E-03   0.00000000E+00
   4.03887360E-03   0.00000000E+00
   4.04342994E-03   0.00000000E+00
   4.04798627E-03   0.00000000E+00
   4.05254261E-03   0.00000000E+00
   4.05709894E-03   0.00000000E+00
   4.06165528E-03   0.00000000E+00
   4.06621161E-03   0.00000000E+00
   4.07076795E-03   0.00000000E+00
   4.07532428E-03   0.00000000E+00
   4.07988062E-03   0.00000000E+00
   4.08443695E-03   0.00000000E+00
   4.08899329E-03   0.00000000E+00
   4.09354962E-03   0.00000000E+00
   4.09810596E-03   0.00000000E+00
   4.10266230E-03   0.00000000E+00
   4.10721863E-03   0.00000000E+00
   4.11177497E-03   0.00000000E+00
   4.11633130E-03   0.00000000E+00
   4.12088764E-03   0.00000000E+00
   4.12544397E-03   0.00000000E+00
   4.13000031E-03   0.00000000E+00
   4.13455664E-03   0.00000000E+00
   4.13911298E-03   0.00000000E+00
   4.14366931E-03   0.00000000E+00
   4.14822565E-03   0.00000000E+00
   4.15278198E-03   0.00000000E+00
   4.15733832E-03   0.00000000E+00
   4.16189465E-03   0.00000000E+00
   4.16645099E-03   0.00000000E+00
   4.17100732E-03   0.00000000E+00
   4.17556366E-03   0.00000000E+00
   4.18011999E-03   0.00000000E+00
   4.18467633E-03   0.00000000E+00
   4.18923267E-03   0.00000000E+00
   4.19378900E-03   0.00000000E+00
   4.19834534E-03   0.00000000E+00
   4.20290167E-03   0.00000000E+00
   4.20745801E-03   0.00000000E+00
   4.21201434E-03   0.00000000E+00
   4.21657068E-03   0.00000000E+00
   4.22112701E-03   0.00000000E+00
   4.22568335E-03   0.00000000E+00
   4.23023968E-03   0.00000000E+00
   4.23479602E-03   0.00000000E+00
   4.23935235E-03   0.00000000E+00
   4.24390869E-03   0.00000000E+00
   4.24846502E-03   0.00000000E+00
   4.25302136E-03   0.00000000E+00
   4.25757769E-03   0.00000000E+00
   4.26213403E-03   0.00000000E+00
   4.26669036E-03   0.00000000E+00
   4.27124670E-03   0.00000000E+00
   4.27580304E-03   0.00000000E+00
   4.28035937E-03   0.00000000E+00
   4.28491571E-03   0.00000000E+00
   4.28947204E-03   0.00000000E+00
   4.29402838E-03   0.00000000E+00
   4.29858471E-03   0.00000000E+00
   4.30314105E-03   0.00000000E+00
   4.30769738E-03   0.00000000E+00
   4.31225372E-03   0.00000000E+00
   4.31681005E-03   0.00000000E+00
   4.32136639E-03   0.00000000E+00
   4.32592272E-03   0.00000000E+00
   4.33047906E-03   0.00000000E+00
   4.33503539E-03   0.00000000E+00
   4.33959173E-03   0.00000000E+00
   4.34414806E-03   0.00000000E+00
   4.34870440E-03   0.00000000E+00
   4.35326073E-03   0.00000000E+00
   4.35781707E-03   0.00000000E+00
   4.36237340E-03   0.00000000E+00
   4.36692974E-03   0.00000000E+00
   4.37148608E-03   0.00000000E+00
   4.37604241E-03   0.00000000E+00
   4.38059875E-03   0.00000000E+00
   4.38515508E-03   0.00000000E+00
   4.38971142E-03   0.00000000E+00
   4.39426775E-03   0.00000000E+00
   4.39882409E-03   0.00000000E+00
   4.40338042E-03   0.00000000E+00
   4.40793676E-03   0.00000000E+00
   4.41249309E-03   0.00000000E+00
   4.41704943E-03   0.00000000E+00
   4.42160576E-03   0.00000000E+00
   4.42616210E-03   0.00000000E+00
   4.43071843E-03   0.00000000E+00
   4.43527477E-03   0.00000000E+00
   4.43983110E-03   0.00000000E+00
   4.44438744E-03   0.00000000E+00
   4.44894377E-03   0.00000000E+00
   4.45350011E-03   0.00000000E+00
   4.45805645E-03   0.00000000E+00
   4.46261278E-03   0.00000000E+00
   4.46716912E-03   0.00000000E+00
   4.47172545E-03   0.00000000E+00
   4.47628179E-03   0.00000000E+00
   4.48083812E-03   0.00000000E+00
   4.48539446E-03   0.00000000E+00
   4.48995079E-03   0.00000000E+00
   4.49450713E-03   0.00000000E+00
   4.49906346E-03   0.00000000E+00
   4.50361980E-03   0.00000000E+00
   4.50817613E-03   0.00000000E+00
   4.51273247E-03   0.00000000E+00
   4.51728880E-03   0.00000000E+00
   4.52184514E-03   0.00000000E+00
   4.52640147E-03   0.00000000E+00
   4.53095781E-03   0.00000000E+00
   4.53551414E-03   0.00000000E+00
   4.54007048E-03   0.00000000E+00
   4.54462682E-03   0.00000000E+00
   4.54918315E-03   0.00000000E+00
   4.55373949E-03   0.00000000E+00
   4.55829582E-03   0.00000000E+00
   4.56285216E-03   0.00000000E+00
   4.56740849E-03   0.00000000E+00
   4.57196483E-03   0.00000000E+00
   4.57652116E-03   0.00000000E+00
   4.58107750E-03   0.00000000E+00
   4.58563383E-03   0.00000000E+00
   4.59019017E-03   0.00000000E+00
   4.59474650E-03   0.00000000E+00
   4.59930284E-03   0.00000000E+00
   4.60385917E-03   0.00000000E+00
   4.60841551E-03   0.00000000E+00
   4.61297184E-03   0.00000000E+00
   4.61752818E-03   0.00000000E+00
   4.62208451E-03   0.00000000E+00
   4.62664085E-03   0.00000000E+00
   4.63119718E-03   0.00000000E+00
   4.63575352E-03   0.00000000E+00
   4.64030986E-03   0.00000000E+00
   4.64486619E-03   0.00000000E+00
   4.64942253E-03   0.00000000E+00
   4.65397886E-03   0.00000000E+00
   4.65853520E-03   0.00000000E+00
   4.66309153E-03   0.00000000E+00
   4.66764787E-03   0.00000000E+00
   4.67220420E-03   0.00000000E+00
   4.67676054E-03   0.00000000E+00
   4.68131687E-03   0.00000000E+00
   4.68587321E-03   0.00000000E+00
   4.69042954E-03   0.00000000E+00
   4.69498588E-03   0.00000000E+00
   4.69954221E-03   0.00000000E+00
   4.70409855E-03   0.00000000E+00
   4.70865488E-03   0.00000000E+00
   4.71321122E-03   0.00000000E+00
   4.71776755E-03   0.00000000E+00
   4.72232389E-03   0.00000000E+00
   4.72688023E-03   0.00000000E+00
   4.73143656E-03   0.00000000E+00
   4.73599290E-03   0.00000000E+00
   4.74054923E-03   0.00000000E+00
   4.74510557E-03   0.00000000E+00
   4.74966190E-03   0.00000000E+00
   4.75421824E-03   0.00000000E+00
   4.75877457E-03   0.00000000E+00
   4.76333091E-03   0.00000000E+00
   4.76788724E-03   0.00000000E+00
   4.77244358E-03   0.00000000E+00
   4.77699991E-03   0.00000000E+00
   4.78155625E-03   0.00000000E+00
   4.78611258E-03   0.00000000E+00
   4.79066892E-03   0.00000000E+00
   4.79522525E-03   0.00000000E+00
   4.79978159E-03   0.00000000E+00
   4.80433792E-03   0.00000000E+00
   4.80889426E-03   0.00000000E+00
   4.81345059E-03   0.00000000E+00
   4.81800693E-03   0.00000000E+00
   4.82256327E-03   0.00000000E+00
   4.82711960E-03   0.00000000E+00
   4.83167594E-03   0.00000000E+00
   4.83623227E-03   0.00000000E+00
   4.84078861E-03   0.00000000E+00
   4.84534494E-03   0.00000000E+00
   4.84990128E-03   0.00000000E+00
   4.85445761E-03   0.00000000E+00
   4.85901395E-03   0.00000000E+00
   4.86357028E-03   0.00000000E+00
   4.86812662E-03   0.00000000E+00
   4.87268295E-03   0.00000000E+00
   4.87723929E-03   0.00000000E+00
   4.88179562E-03   0.00000000E+00
   4.88635196E-03   0.00000000E+00
   4.89090829E-03   0.00000000E+00
   4.89546463E-03   0.00000000E+00
   4.90002096E-03   0.00000000E+00
   4.90457730E-03   0.00000000E+00
   4.90913364E-03   0.00000000E+00
   4.91368997E-03   0.00000000E+00
   4.91824631E-03   0.00000000E+00
   4.92280264E-03   0.00000000E+00
   4.92735898E-03   0.00000000E+00
   4.93191531E-03   0.00000000E+00
   4.93647165E-03   0.00000000E+00
   4.94102798E-03   0.00000000E+00
   4.94558432E-03   0.00000000E+00
   4.95014065E-03   0.00000000E+00
   4.95469699E-03   0.00000000E+00
   4.95925332E-03   0.00000000E+00
   4.96380966E-03   0.00000000E+00
   4.96836599E-03   0.00000000E+00
   4.97292233E-03   0.00000000E+00
   4.97747866E-03   0.00000000E+00
   4.98203500E-03   0.00000000E+00
   4.98659133E-03   0.00000000E+00
   4.99114767E-03   0.00000000E+00
   4.99570401E-03   0.00000000E+00
   5.00026034E-03   0.00000000E+00
   5.00481668E-03   0.00000000E+00
   5.00937301E-03   0.00000000E+00
   5.01392935E-03   0.00000000E+00
   5.01848568E-03   0.00000000E+00
   5.02304202E-03   0.00000000E+00
   5.02759835E-03   0.00000000E+00
   5.03215469E-03   0.00000000E+00
   5.03671102E-03   0.00000000E+00
   5.04126736E-03   0.00000000E+00
   5.04582369E-03   0.00000000E+00
   5.05038003E-03   0.00000000E+00
   5.05493636E-03   0.00000000E+00
   5.05949270E-03   0.00000000E+00
   5.06404903E-03   0.00000000E+00
   5.06860537E-03   0.00000000E+00
   5.07316170E-03   0.00000000E+00
   5.07771804E-03   0.00000000E+00
   5.08227437E-03   0.00000000E+00
   5.08683071E-03   0.00000000E+00
   5.09138705E-03   0.00000000E+00
   5.09594338E-03   0.00000000E+00
   5.10049972E-03   0.00000000E+00
   5.10505605E-03   0.00000000E+00
   5.10961239E-03   0.00000000E+00
   5.11416872E-03   0.00000000E+00
   5.11872506E-03   0.00000000E+00
   5.12328139E-03   0.00000000E+00
   5.12783773E-03   0.00000000E+00
   5.13239406E-03   0.00000000E+00
   5.13695040E-03   0.00000000E+00
   5.14150673E-03   0.00000000E+00
   5.14606307E-03   0.00000000E+00
   5.15061940E-03   0.00000000E+00
   5.15517574E-03   0.00000000E+00
   5.15973207E-03   0.00000000E+00
   5.16428841E-03   0.00000000E+00
   5.16884474E-03   0.00000000E+00
   5.17340108E-03   0.00000000E+00
   5.17795742E-03   0.00000000E+00
   5.18251375E-03   0.00000000E+00
   5.18707009E-03   0.00000000E+00
   5.19162642E-03   0.00000000E+00
   5.19618276E-03   0.00000000E+00
   5.20073909E-03   0.00000000E+00
   5.20529543E-03   0.00000000E+00
   5.20985176E-03   0.00000000E+00
   5.21440810E-03   0.00000000E+00
   5.21896443E-03   0.00000000E+00
   5.22352077E-03   0.00000000E+00
   5.22807710E-03   0.00000000E+00
   5.23263344E-03   0.00000000E+00
   5.23718977E-03   0.00000000E+00
   5.24174611E-03   0.00000000E+00
   5.24630244E-03   0.00000000E+00
   5.25085878E-03   0.00000000E+00
   5.25541511E-03   0.00000000E+00
   5.25997145E-03   0.00000000E+00
   5.26452778E-03   0.00000000E+00
   5.26908412E-03   0.00000000E+00
   5.27364046E-03   0.00000000E+00
   5.27819679E-03   0.00000000E+00
   5.28275313E-03   0.00000000E+00
   5.28730946E-03   0.00000000E+00
   5.29186580E-03   0.00000000E+00
   5.29642213E-03   0.00000000E+00
   5.30097847E-03   0.00000000E+00
   5.30553480E-03   0.00000000E+00
   5.31009114E-03   0.00000000E+00
   5.31464747E-03   0.00000000E+00
   5.31920381E-03   0.00000000E+00
   5.32376014E-03   0.00000000E+00
   5.32831648E-03   0.00000000E+00
   5.33287281E-03   0.00000000E+00
   5.33742915E-03   0.00000000E+00
   5.34198548E-03   0.00000000E+00
   5.34654182E-03   0.00000000E+00
   5.35109815E-03   0.00000000E+00
   5.35565449E-03   0.00000000E+00
   5.36021083E-03   0.00000000E+00
   5.36476716E-03   0.00000000E+00
   5.36932350E-03   0.00000000E+00
   5.37387983E-03   0.00000000E+00
   5.37843617E-03   0.00000000E+00
   5.38299250E-03   0.00000000E+00
   5.38754884E-03   0.00000000E+00
   5.39210517E-03   0.00000000E+00
   5.39666151E-03   0.00000000E+00
   5.40121784E-03   0.00000000E+00
   5.40577418E-03   0.00000000E+00
   5.41033051E-03   0.00000000E+00
   5.41488685E-03   0.00000000E+00
   5.41944318E-03   0.00000000E+00
   5.42399952E-03   0.00000000E+00
   5.42855585E-03   0.00000000E+00
   5.43311219E-03   0.00000000E+00
   5.43766852E-03   0.00000000E+00
   5.44222486E-03   0.00000000E+00
   5.44678120E-03   0.00000000E+00
   5.45133753E-03   0.00000000E+00
   5.45589387E-03   0.00000000E+00
   5.46045020E-03   0.00000000E+00
   5.46500654E-03   0.00000000E+00
   5.46956287E-03   0.00000000E+00
   5.47411921E-03   0.00000000E+00
   5.47867554E-03   0.00000000E+00
   5.48323188E-03   0.00000000E+00
   5.48778821E-03   0.00000000E+00
   5.49234455E-03   0.00000000E+00
   5.49690088E-03   0.00000000E+00
   5.50145722E-03   0.00000000E+00
   5.50601355E-03   0.00000000E+00
   5.51056989E-03   0.00000000E+00
   5.51512622E-03   0.00000000E+00
   5.51968256E-03   0.00000000E+00
   5.52423889E-03   0.00000000E+00
   5.52879523E-03   0.00000000E+00
   5.53335156E-03   0.00000000E+00
   5.53790790E-03   0.00000000E+00
   5.54246424E-03   0.00000000E+00
   5.54702057E-03   0.00000000E+00
   5.55157691E-03   0.00000000E+00
   5.55613324E-03   0.00000000E+00
   5.56068958E-03   0.00000000E+00
   5.56524591E-03   0.00000000E+00
   5.56980225E-03   0.00000000E+00
   5.57435858E-03   0.00000000E+00
   5.57891492E-03   0.00000000E+00
   5.58347125E-03   0.00000000E+00
   5.58802759E-03   0.00000000E+00
   5.59258392E-03   0.00000000E+00
   5.59714026E-03   0.00000000E+00
   5.60169659E-03   0.00000000E+00
   5.60625293E-03   2.79776558E-85
   5.61080926E-03   1.56521016E-83
   5.61536560E-03   8.41321936E-82
   5.61992193E-03   4.34490203E-80
   5.62447827E-03   2.15588696E-78
   5.62903461E-03   1.02778009E-76
   5.63359094E-03   4.70763345E-75
   5.63814728E-03   2.07173069E-73
   5.64270361E-03   8.75975942E-72
   5.64725995E-03   3.55860086E-70
   5.65181628E-03   1.38897555E-68
   5.65637262E-03   5.20880551E-67
   5.66092895E-03   1.87676504E-65
   5.66548529E-03   6.49695543E-64
   5.67004162E-03   2.16091702E-62
   5.67459796E-03   6.90549024E-61
   5.67915429E-03   2.12021138E-59
   5.68371063E-03   6.25449179E-58
   5.68826696E-03   1.77269130E-56
   5.69282330E-03   4.82727923E-55
   5.69737963E-03   1.26299011E-53
   5.70193597E-03   3.17486818E-52
   5.70649230E-03   7.66795698E-51
   5.71104864E-03   1.77935195E-49
   5.71560497E-03   3.96709197E-48
   5.72016131E-03   8.49788601E-47
   5.72471765E-03   1.74895145E-45
   5.72927398E-03   3.45838092E-44
   5.73383032E-03   6.57046522E-43
   5.73838665E-03   1.19935468E-41
   5.74294299E-03   2.10342665E-40
   5.74749932E-03   3.54433960E-39
   5.75205566E-03   5.73814481E-38
   5.75661199E-03   8.92556879E-37
   5.76116833E-03   1.33391612E-35
   5.76572466E-03   1.91535535E-34
   5.77028100E-03   2.64239914E-33
   5.77483733E-03   3.50248028E-32
   5.77939367E-03   4.46047593E-31
   5.78395000E-03   5.45776614E-30
   5.78850634E-03   6.41618482E-29
   5.79306267E-03   7.24714630E-28
   5.79761901E-03   7.86475888E-27
   5.80217534E-03   8.20034299E-26
   5.80673168E-03   8.21498629E-25
   5.81128802E-03   7.90696633E-24
   5.81584435E-03   7.31208374E-23
   5.82040069E-03   6.49681715E-22
   5.82495702E-03   5.54610839E-21
   5.82951336E-03   4.54887792E-20
   5.83406969E-03   3.58466381E-19
   5.83862603E-03   2.71406849E-18
   5.84318236E-03   1.97433750E-17
   5.84773870E-03   1.37990823E-16
   5.85229503E-03   9.26631882E-16
   5.85685137E-03   5.97850356E-15
   5.86140770E-03   3.70600471E-14
   5.86596404E-03   2.20723036E-13
   5.87052037E-03   1.26304137E-12
   5.87507671E-03   6.94409596E-12
   5.87963304E-03   3.66810763E-11
   5.88418938E-03   1.86164406E-10
   5.88874571E-03   9.07777570E-10
   5.89330205E-03   4.25295186E-09
   5.89785839E-03   1.91438687E-08
   5.90241472E-03   8.27936767E-08
   5.90697106E-03   3.44027257E-07
   5.91152739E-03   1.37346234E-06
   5.91608373E-03   5.26828041E-06
   5.92064006E-03   1.94155291E-05
   5.92519640E-03   6.87476415E-05
   5.92975273E-03   2.33880816E-04
   5.93430907E-03   7.64468555E-04
   5.93886540E-03   2.40078287E-03
   5.94342174E-03   7.24393225E-03
   5.94797807E-03   2.10002335E-02
   5.95253441E-03   5.84927628E-02
   5.95709074E-03   1.56533911E-01
   5.96164708E-03   4.02478856E-01
   5.96620341E-03   9.94274039E-01
   5.97075975E-03   2.35992189E+00
   5.97531608E-03   5.38167931E+00
   5.97987242E-03   1.17914419E+01
   5.98442875E-03   2.48224891E+01
   5.98898509E-03   5.02057768E+01
   5.99354143E-03   9.75647642E+01
   5.99809776E-03   1.82164957E+02
   6.00265410E-03   3.26792207E+02
   6.00721043E-03   5.63271150E+02
   6.01176677E-03   9.32842886E+02
   6.01632310E-03   1.48441214E+03
   6.02087944E-03   2.26971321E+03
   6.02543577E-03   3.33489698E+03
   6.02999211E-03   4.70898573E+03
   6.03454844E-03   6.39096746E+03
   6.03910478E-03   8.33865007E+03
   6.04366111E-03   1.04632108E+04
   6.04821745E-03   1.26330831E+04
   6.05277378E-03   1.46890911E+04
   6.05733012E-03   1.64697538E+04
   6.06188645E-03   1.78421949E+04
   6.06644279E-03   1.87313016E+04
   6.07099912E-03   1.91388610E+04
   6.07555546E-03   1.91460486E+04
   6.08011180E-03   1.88966797E+04
   6.08466813E-03   1.85639762E+04
   6.08922447E-03   1.83085958E+04
   6.09378080E-03   1.82386628E+04
   6.09833714E-03   1.83824709E+04
   6.10289347E-03   1.86812957E+04
   6.10744981E-03   1.90042924E+04
   6.11200614E-03   1.91813930E+04
   6.11656248E-03   1.90452871E+04
   6.12111881E-03   1.84714128E+04
   6.12567515E-03   1.74059708E+04
   6.13023148E-03   1.58758423E+04
   6.13478782E-03   1.39796175E+04
   6.13934415E-03   1.18639834E+04
   6.14390049E-03   9.69298862E+03
   6.14845682E-03   7.61840392E+03
   6.15301316E-03   5.75769888E+03
   6.15756949E-03   4.18296922E+03
   6.16212583E-03   2.92071907E+03
   6.16668216E-03   1.95980391E+03
   6.17123850E-03   1.26363132E+03
   6.17579484E-03   7.82874756E+02
   6.18035117E-03   4.66031391E+02
   6.18490751E-03   2.66551225E+02
   6.18946384E-03   1.46481758E+02
   6.19402018E-03   7.73428960E+01
   6.19857651E-03   3.92364197E+01
   6.20313285E-03   1.91245019E+01
   6.20768918E-03   8.95632559E+00
   6.21224552E-03   4.03056586E+00
   6.21680185E-03   1.74468729E+00
   6.22135819E-03   7.31475830E-01
   6.22591452E-03   3.11607339E-01
   6.23047086E-03   1.74170876E-01
   6.23502719E-03   2.10057414E-01
   6.23958353E-03   4.48255745E-01
   6.24413986E-03   1.07312922E+00
   6.24869620E-03   2.52880518E+00
   6.25325253E-03   5.74493491E+00
   6.25780887E-03   1.25454931E+01
   6.26236521E-03   2.63236955E+01
   6.26692154E-03   5.30686579E+01
   6.27147788E-03   1.02791715E+02
   6.27603421E-03   1.91296230E+02
   6.28059055E-03   3.42044762E+02
   6.28514688E-03   5.87607999E+02
   6.28970322E-03   9.69885965E+02
   6.29425955E-03   1.53809043E+03
   6.29881589E-03   2.34353416E+03
   6.30337222E-03   3.43074885E+03
   6.30792856E-03   4.82541627E+03
   6.31248489E-03   6.52091987E+03
   6.31704123E-03   8.46664136E+03
   6.32159756E-03   1.05618911E+04
   6.32615390E-03   1.26590299E+04
   6.33071023E-03   1.45776456E+04
   6.33526657E-03   1.61288191E+04
   6.33982290E-03   1.71453350E+04
   6.34437924E-03   1.75112682E+04
